timeStamp,elapsed,label,responseCode,responseMessage,threadName,dataType,success,failureMessage,bytes,sentBytes,grpThreads,allThreads,Latency,IdleTime,Connect
1492747302372,542,HTTP Request,200,OK,Thread Group 101-1,text,true,,71,119,1,141,541,0,110
1492747302373,801,HTTP Request,200,OK,Thread Group 102-1,text,true,,71,119,1,141,796,0,109
1492747302375,1158,HTTP Request,200,OK,Thread Group 103-1,text,true,,71,119,1,141,1155,0,107
1492747302376,1428,HTTP Request,200,OK,Thread Group 104-1,text,true,,71,119,1,141,1428,0,106
1492747302148,1849,HTTP Request,Non HTTP response code: java.net.SocketTimeoutException,Non HTTP response message: Read timed out,Thread Group 42-1,text,false,,2690,0,1,141,0,0,322
1492747302310,1688,HTTP Request,Non HTTP response code: java.net.SocketTimeoutException,Non HTTP response message: Read timed out,Thread Group 77-1,text,false,,2690,0,1,141,0,0,161
1492747302234,1765,HTTP Request,Non HTTP response code: java.net.SocketTimeoutException,Non HTTP response message: Read timed out,Thread Group 50-1,text,false,,2690,0,1,141,0,0,237
1492747302149,1850,HTTP Request,Non HTTP response code: java.net.SocketTimeoutException,Non HTTP response message: Read timed out,Thread Group 1-1,text,false,,2690,0,1,141,0,0,318
1492747302296,1705,HTTP Request,Non HTTP response code: java.net.SocketTimeoutException,Non HTTP response message: Read timed out,Thread Group 74-1,text,false,,2690,0,1,141,0,0,176
1492747302151,1850,HTTP Request,Non HTTP response code: java.net.SocketTimeoutException,Non HTTP response message: Read timed out,Thread Group 39-1,text,false,,2690,0,1,141,0,0,320
1492747302151,1850,HTTP Request,Non HTTP response code: java.net.SocketTimeoutException,Non HTTP response message: Read timed out,Thread Group 20-1,text,false,,2690,0,1,141,0,0,321
1492747302149,1854,HTTP Request,Non HTTP response code: java.net.SocketTimeoutException,Non HTTP response message: Read timed out,Thread Group 3-1,text,false,,2690,0,1,141,0,0,325
1492747302148,1855,HTTP Request,Non HTTP response code: java.net.SocketTimeoutException,Non HTTP response message: Read timed out,Thread Group 24-1,text,false,,2690,0,1,141,0,0,326
1492747302151,1853,HTTP Request,Non HTTP response code: java.net.SocketTimeoutException,Non HTTP response message: Read timed out,Thread Group 38-1,text,false,,2690,0,1,141,0,0,323
1492747302150,1855,HTTP Request,Non HTTP response code: java.net.SocketTimeoutException,Non HTTP response message: Read timed out,Thread Group 23-1,text,false,,2690,0,1,141,0,0,324
1492747302150,1857,HTTP Request,Non HTTP response code: java.net.SocketTimeoutException,Non HTTP response message: Read timed out,Thread Group 12-1,text,false,,2690,0,1,141,0,0,325
1492747302258,1751,HTTP Request,Non HTTP response code: java.net.SocketTimeoutException,Non HTTP response message: Read timed out,Thread Group 68-1,text,false,,2690,0,1,141,0,0,219
1492747302244,1766,HTTP Request,Non HTTP response code: java.net.SocketTimeoutException,Non HTTP response message: Read timed out,Thread Group 54-1,text,false,,2690,0,1,141,0,0,233
1492747302238,1772,HTTP Request,Non HTTP response code: java.net.SocketTimeoutException,Non HTTP response message: Read timed out,Thread Group 59-1,text,false,,2690,0,1,141,0,0,240
1492747302237,1775,HTTP Request,Non HTTP response code: java.net.SocketTimeoutException,Non HTTP response message: Read timed out,Thread Group 61-1,text,false,,2690,0,1,141,0,0,241
1492747302153,1860,HTTP Request,Non HTTP response code: java.net.SocketTimeoutException,Non HTTP response message: Read timed out,Thread Group 45-1,text,false,,2690,0,1,141,0,0,325
1492747302152,1860,HTTP Request,Non HTTP response code: java.net.SocketTimeoutException,Non HTTP response message: Read timed out,Thread Group 33-1,text,false,,2690,0,1,141,0,0,326
1492747302150,1863,HTTP Request,Non HTTP response code: java.net.SocketTimeoutException,Non HTTP response message: Read timed out,Thread Group 17-1,text,false,,2690,0,1,141,0,0,328
1492747302348,1668,HTTP Request,Non HTTP response code: java.net.SocketTimeoutException,Non HTTP response message: Read timed out,Thread Group 82-1,text,false,,2690,0,1,141,0,0,132
1492747302350,1667,HTTP Request,Non HTTP response code: java.net.SocketTimeoutException,Non HTTP response message: Read timed out,Thread Group 83-1,text,false,,2690,0,1,141,0,0,130
1492747302351,1666,HTTP Request,Non HTTP response code: java.net.SocketTimeoutException,Non HTTP response message: Read timed out,Thread Group 84-1,text,false,,2690,0,1,141,0,0,129
1492747302352,1666,HTTP Request,Non HTTP response code: java.net.SocketTimeoutException,Non HTTP response message: Read timed out,Thread Group 85-1,text,false,,2690,0,1,141,0,0,128
1492747302357,1663,HTTP Request,Non HTTP response code: java.net.SocketTimeoutException,Non HTTP response message: Read timed out,Thread Group 89-1,text,false,,2690,0,1,141,0,0,123
1492747302360,1660,HTTP Request,Non HTTP response code: java.net.SocketTimeoutException,Non HTTP response message: Read timed out,Thread Group 91-1,text,false,,2690,0,1,141,0,0,121
1492747302361,1660,HTTP Request,Non HTTP response code: java.net.SocketTimeoutException,Non HTTP response message: Read timed out,Thread Group 92-1,text,false,,2690,0,1,141,0,0,120
1492747302365,1657,HTTP Request,Non HTTP response code: java.net.SocketTimeoutException,Non HTTP response message: Read timed out,Thread Group 95-1,text,false,,2690,0,1,141,0,0,116
1492747302367,1657,HTTP Request,Non HTTP response code: java.net.SocketTimeoutException,Non HTTP response message: Read timed out,Thread Group 97-1,text,false,,2690,0,1,141,0,0,114
1492747302368,1657,HTTP Request,Non HTTP response code: java.net.SocketTimeoutException,Non HTTP response message: Read timed out,Thread Group 98-1,text,false,,2690,0,1,141,0,0,113
1492747302355,1670,HTTP Request,Non HTTP response code: java.net.SocketTimeoutException,Non HTTP response message: Read timed out,Thread Group 87-1,text,false,,2690,0,1,141,0,0,125
1492747302371,1655,HTTP Request,Non HTTP response code: java.net.SocketTimeoutException,Non HTTP response message: Read timed out,Thread Group 100-1,text,false,,2690,0,1,141,0,0,111
1492747302380,1648,HTTP Request,Non HTTP response code: java.net.SocketTimeoutException,Non HTTP response message: Read timed out,Thread Group 107-1,text,false,,2690,0,1,141,0,0,102
1492747302381,1648,HTTP Request,Non HTTP response code: java.net.SocketTimeoutException,Non HTTP response message: Read timed out,Thread Group 108-1,text,false,,2690,0,1,141,0,0,102
1492747302385,1645,HTTP Request,Non HTTP response code: java.net.SocketTimeoutException,Non HTTP response message: Read timed out,Thread Group 111-1,text,false,,2690,0,1,141,0,0,98
1492747302386,1645,HTTP Request,Non HTTP response code: java.net.SocketTimeoutException,Non HTTP response message: Read timed out,Thread Group 112-1,text,false,,2690,0,1,141,0,0,97
1492747302388,1644,HTTP Request,Non HTTP response code: java.net.SocketTimeoutException,Non HTTP response message: Read timed out,Thread Group 114-1,text,false,,2690,0,1,141,0,0,95
1492747302389,1644,HTTP Request,Non HTTP response code: java.net.SocketTimeoutException,Non HTTP response message: Read timed out,Thread Group 115-1,text,false,,2690,0,1,141,0,0,94
1492747302394,1640,HTTP Request,Non HTTP response code: java.net.SocketTimeoutException,Non HTTP response message: Read timed out,Thread Group 119-1,text,false,,2690,0,1,141,0,0,90
1492747302399,1637,HTTP Request,Non HTTP response code: java.net.SocketTimeoutException,Non HTTP response message: Read timed out,Thread Group 123-1,text,false,,2690,0,1,141,0,0,85
1492747302402,1635,HTTP Request,Non HTTP response code: java.net.SocketTimeoutException,Non HTTP response message: Read timed out,Thread Group 125-1,text,false,,2690,0,1,141,0,0,82
1492747302406,1632,HTTP Request,Non HTTP response code: java.net.SocketTimeoutException,Non HTTP response message: Read timed out,Thread Group 128-1,text,false,,2690,0,1,141,0,0,79
1492747302413,1627,HTTP Request,Non HTTP response code: java.net.SocketTimeoutException,Non HTTP response message: Read timed out,Thread Group 133-1,text,false,,2690,0,1,141,0,0,74
1492747302418,1623,HTTP Request,Non HTTP response code: java.net.SocketTimeoutException,Non HTTP response message: Read timed out,Thread Group 137-1,text,false,,2690,0,1,141,0,0,68
1492747302426,1616,HTTP Request,Non HTTP response code: java.net.SocketTimeoutException,Non HTTP response message: Read timed out,Thread Group 141-1,text,false,,2690,0,1,141,0,0,60
1492747302149,1894,HTTP Request,Non HTTP response code: java.net.SocketTimeoutException,Non HTTP response message: Read timed out,Thread Group 9-1,text,false,,2690,0,1,141,0,0,318
1492747302415,1630,HTTP Request,Non HTTP response code: java.net.SocketTimeoutException,Non HTTP response message: Read timed out,Thread Group 135-1,text,false,,2690,0,1,141,0,0,71
1492747302421,1622,HTTP Request,Non HTTP response code: java.net.SocketTimeoutException,Non HTTP response message: Read timed out,Thread Group 140-1,text,false,,2690,0,1,141,0,0,65
1492747302416,1625,HTTP Request,Non HTTP response code: java.net.SocketTimeoutException,Non HTTP response message: Read timed out,Thread Group 136-1,text,false,,2690,0,1,141,0,0,70
1492747302403,1635,HTTP Request,Non HTTP response code: java.net.SocketTimeoutException,Non HTTP response message: Read timed out,Thread Group 126-1,text,false,,2690,0,1,141,0,0,82
1492747302398,1638,HTTP Request,Non HTTP response code: java.net.SocketTimeoutException,Non HTTP response message: Read timed out,Thread Group 122-1,text,false,,2690,0,1,141,0,0,86
1492747302392,1642,HTTP Request,Non HTTP response code: java.net.SocketTimeoutException,Non HTTP response message: Read timed out,Thread Group 117-1,text,false,,2690,0,1,141,0,0,91
1492747302387,1645,HTTP Request,Non HTTP response code: java.net.SocketTimeoutException,Non HTTP response message: Read timed out,Thread Group 113-1,text,false,,2690,0,1,141,0,0,96
1492747302382,1647,HTTP Request,Non HTTP response code: java.net.SocketTimeoutException,Non HTTP response message: Read timed out,Thread Group 109-1,text,false,,2690,0,1,141,0,0,101
1492747302408,1639,HTTP Request,Non HTTP response code: java.net.SocketTimeoutException,Non HTTP response message: Read timed out,Thread Group 129-1,text,false,,2690,0,1,141,0,0,77
1492747302391,1658,HTTP Request,Non HTTP response code: java.net.SocketTimeoutException,Non HTTP response message: Read timed out,Thread Group 116-1,text,false,,2690,0,1,141,0,0,92
1492747302362,1689,HTTP Request,Non HTTP response code: java.net.SocketTimeoutException,Non HTTP response message: Read timed out,Thread Group 93-1,text,false,,2690,0,1,141,0,0,119
1492747302326,1727,HTTP Request,Non HTTP response code: java.net.SocketTimeoutException,Non HTTP response message: Read timed out,Thread Group 79-1,text,false,,2690,0,1,141,0,0,153
1492747302150,1904,HTTP Request,Non HTTP response code: java.net.SocketTimeoutException,Non HTTP response message: Read timed out,Thread Group 13-1,text,false,,2690,0,1,141,0,0,327
1492747302316,1740,HTTP Request,Non HTTP response code: java.net.SocketTimeoutException,Non HTTP response message: Read timed out,Thread Group 78-1,text,false,,2690,0,1,141,0,0,161
1492747302150,1907,HTTP Request,Non HTTP response code: java.net.SocketTimeoutException,Non HTTP response message: Read timed out,Thread Group 22-1,text,false,,2690,0,1,141,0,0,325
1492747302148,1911,HTTP Request,Non HTTP response code: java.net.SocketTimeoutException,Non HTTP response message: Read timed out,Thread Group 27-1,text,false,,2690,0,1,141,0,0,326
1492747302151,1910,HTTP Request,Non HTTP response code: java.net.SocketTimeoutException,Non HTTP response message: Read timed out,Thread Group 40-1,text,false,,2690,0,1,141,0,0,322
1492747302282,1782,HTTP Request,Non HTTP response code: java.net.SocketTimeoutException,Non HTTP response message: Read timed out,Thread Group 73-1,text,false,,2690,0,1,141,0,0,191
1492747302154,1912,HTTP Request,Non HTTP response code: java.net.SocketTimeoutException,Non HTTP response message: Read timed out,Thread Group 43-1,text,false,,2690,0,1,141,0,0,318
1492747302149,1918,HTTP Request,Non HTTP response code: java.net.SocketTimeoutException,Non HTTP response message: Read timed out,Thread Group 8-1,text,false,,2690,0,1,141,0,0,321
1492747302153,1917,HTTP Request,Non HTTP response code: java.net.SocketTimeoutException,Non HTTP response message: Read timed out,Thread Group 46-1,text,false,,2690,0,1,141,0,0,317
1492747302148,1923,HTTP Request,Non HTTP response code: java.net.SocketTimeoutException,Non HTTP response message: Read timed out,Thread Group 31-1,text,false,,2690,0,1,141,0,0,320
1492747302150,1923,HTTP Request,Non HTTP response code: java.net.SocketTimeoutException,Non HTTP response message: Read timed out,Thread Group 14-1,text,false,,2690,0,1,141,0,0,317
1492747302150,1925,HTTP Request,Non HTTP response code: java.net.SocketTimeoutException,Non HTTP response message: Read timed out,Thread Group 19-1,text,false,,2690,0,1,141,0,0,326
1492747302356,1722,HTTP Request,Non HTTP response code: java.net.SocketTimeoutException,Non HTTP response message: Read timed out,Thread Group 88-1,text,false,,2690,0,1,141,0,0,124
1492747302366,1657,HTTP Request,Non HTTP response code: java.net.SocketTimeoutException,Non HTTP response message: Read timed out,Thread Group 96-1,text,false,,2690,0,1,141,0,0,115
1492747302149,1925,HTTP Request,Non HTTP response code: java.net.SocketTimeoutException,Non HTTP response message: Read timed out,Thread Group 4-1,text,false,,2690,0,1,141,0,0,318
1492747302148,1918,HTTP Request,Non HTTP response code: java.net.SocketTimeoutException,Non HTTP response message: Read timed out,Thread Group 32-1,text,false,,2690,0,1,141,0,0,323
1492747302148,1910,HTTP Request,Non HTTP response code: java.net.SocketTimeoutException,Non HTTP response message: Read timed out,Thread Group 26-1,text,false,,2690,0,1,141,0,0,326
1492747302354,1665,HTTP Request,Non HTTP response code: java.net.SocketTimeoutException,Non HTTP response message: Read timed out,Thread Group 86-1,text,false,,2690,0,1,141,0,0,126
1492747302397,1638,HTTP Request,Non HTTP response code: java.net.SocketTimeoutException,Non HTTP response message: Read timed out,Thread Group 121-1,text,false,,2690,0,1,141,0,0,87
1492747302419,1624,HTTP Request,Non HTTP response code: java.net.SocketTimeoutException,Non HTTP response message: Read timed out,Thread Group 138-1,text,false,,2690,0,1,141,0,0,41
1492747302297,1718,HTTP Request,Non HTTP response code: java.net.SocketTimeoutException,Non HTTP response message: Read timed out,Thread Group 75-1,text,false,,2690,0,1,141,0,0,183
1492747302412,1627,HTTP Request,Non HTTP response code: java.net.SocketTimeoutException,Non HTTP response message: Read timed out,Thread Group 132-1,text,false,,2690,0,1,141,0,0,73
1492747302148,1858,HTTP Request,Non HTTP response code: java.net.SocketTimeoutException,Non HTTP response message: Read timed out,Thread Group 25-1,text,false,,2690,0,1,141,0,0,327
1492747302378,1649,HTTP Request,Non HTTP response code: java.net.SocketTimeoutException,Non HTTP response message: Read timed out,Thread Group 106-1,text,false,,2690,0,1,141,0,0,104
1492747302150,1852,HTTP Request,Non HTTP response code: java.net.SocketTimeoutException,Non HTTP response message: Read timed out,Thread Group 16-1,text,false,,2690,0,1,141,0,0,323
1492747302245,1766,HTTP Request,Non HTTP response code: java.net.SocketTimeoutException,Non HTTP response message: Read timed out,Thread Group 53-1,text,false,,2690,0,1,141,0,0,233
1492747302175,1880,HTTP Request,Non HTTP response code: java.net.SocketTimeoutException,Non HTTP response message: Read timed out,Thread Group 49-1,text,false,,2690,0,1,141,0,0,302
1492747302273,1790,HTTP Request,Non HTTP response code: java.net.SocketTimeoutException,Non HTTP response message: Read timed out,Thread Group 71-1,text,false,,2690,0,1,141,0,0,200
1492747302148,1929,HTTP Request,Non HTTP response code: java.net.SocketTimeoutException,Non HTTP response message: Read timed out,Thread Group 29-1,text,false,,2690,0,1,141,0,0,320
1492747302401,1677,HTTP Request,Non HTTP response code: java.net.SocketTimeoutException,Non HTTP response message: Read timed out,Thread Group 124-1,text,false,,2690,0,1,141,0,0,83
1492747302420,1657,HTTP Request,Non HTTP response code: java.net.SocketTimeoutException,Non HTTP response message: Read timed out,Thread Group 139-1,text,false,,2690,0,1,141,0,0,43
1492747302245,1831,HTTP Request,Non HTTP response code: java.net.SocketTimeoutException,Non HTTP response message: Read timed out,Thread Group 52-1,text,false,,2690,0,1,141,0,0,214
1492747302246,1830,HTTP Request,Non HTTP response code: java.net.SocketTimeoutException,Non HTTP response message: Read timed out,Thread Group 51-1,text,false,,2690,0,1,141,0,0,222
1492747302238,1837,HTTP Request,Non HTTP response code: java.net.SocketTimeoutException,Non HTTP response message: Read timed out,Thread Group 60-1,text,false,,2690,0,1,141,0,0,230
1492747302234,1840,HTTP Request,Non HTTP response code: java.net.SocketTimeoutException,Non HTTP response message: Read timed out,Thread Group 66-1,text,false,,2690,0,1,141,0,0,235
1492747302239,1834,HTTP Request,Non HTTP response code: java.net.SocketTimeoutException,Non HTTP response message: Read timed out,Thread Group 58-1,text,false,,2690,0,1,141,0,0,230
1492747302150,1921,HTTP Request,Non HTTP response code: java.net.SocketTimeoutException,Non HTTP response message: Read timed out,Thread Group 34-1,text,false,,2690,0,1,141,0,0,318
1492747302241,1831,HTTP Request,Non HTTP response code: java.net.SocketTimeoutException,Non HTTP response message: Read timed out,Thread Group 55-1,text,false,,2690,0,1,141,0,0,228
1492747302232,1839,HTTP Request,Non HTTP response code: java.net.SocketTimeoutException,Non HTTP response message: Read timed out,Thread Group 67-1,text,false,,2690,0,1,141,0,0,238
1492747302150,1919,HTTP Request,Non HTTP response code: java.net.SocketTimeoutException,Non HTTP response message: Read timed out,Thread Group 18-1,text,false,,2690,0,1,141,0,0,319
1492747302271,1799,HTTP Request,Non HTTP response code: java.net.SocketTimeoutException,Non HTTP response message: Read timed out,Thread Group 70-1,text,false,,2690,0,1,141,0,0,199
1492747302151,1917,HTTP Request,Non HTTP response code: java.net.SocketTimeoutException,Non HTTP response message: Read timed out,Thread Group 36-1,text,false,,2690,0,1,141,0,0,319
1492747302149,1918,HTTP Request,Non HTTP response code: java.net.SocketTimeoutException,Non HTTP response message: Read timed out,Thread Group 11-1,text,false,,2690,0,1,141,0,0,321
1492747302148,1919,HTTP Request,Non HTTP response code: java.net.SocketTimeoutException,Non HTTP response message: Read timed out,Thread Group 28-1,text,false,,2690,0,1,141,0,0,322
1492747302305,1762,HTTP Request,Non HTTP response code: java.net.SocketTimeoutException,Non HTTP response message: Read timed out,Thread Group 76-1,text,false,,2690,0,1,141,0,0,167
1492747302149,1916,HTTP Request,Non HTTP response code: java.net.SocketTimeoutException,Non HTTP response message: Read timed out,Thread Group 5-1,text,false,,2690,0,1,141,0,0,322
1492747302143,1922,HTTP Request,Non HTTP response code: java.net.SocketTimeoutException,Non HTTP response message: Read timed out,Thread Group 35-1,text,false,,2690,0,1,141,0,0,328
1492747302149,1915,HTTP Request,Non HTTP response code: java.net.SocketTimeoutException,Non HTTP response message: Read timed out,Thread Group 2-1,text,false,,2690,0,1,141,0,0,323
1492747302262,1802,HTTP Request,Non HTTP response code: java.net.SocketTimeoutException,Non HTTP response message: Read timed out,Thread Group 69-1,text,false,,2690,0,1,141,0,0,211
1492747302240,1824,HTTP Request,Non HTTP response code: java.net.SocketTimeoutException,Non HTTP response message: Read timed out,Thread Group 57-1,text,false,,2690,0,1,141,0,0,233
1492747302150,1912,HTTP Request,Non HTTP response code: java.net.SocketTimeoutException,Non HTTP response message: Read timed out,Thread Group 15-1,text,false,,2690,0,1,141,0,0,323
1492747302236,1826,HTTP Request,Non HTTP response code: java.net.SocketTimeoutException,Non HTTP response message: Read timed out,Thread Group 64-1,text,false,,2690,0,1,141,0,0,238
1492747302141,1920,HTTP Request,Non HTTP response code: java.net.SocketTimeoutException,Non HTTP response message: Read timed out,Thread Group 37-1,text,false,,2690,0,1,141,0,0,332
1492747302236,1825,HTTP Request,Non HTTP response code: java.net.SocketTimeoutException,Non HTTP response message: Read timed out,Thread Group 63-1,text,false,,2690,0,1,141,0,0,238
1492747302162,1898,HTTP Request,Non HTTP response code: java.net.SocketTimeoutException,Non HTTP response message: Read timed out,Thread Group 48-1,text,false,,2690,0,1,141,0,0,313
1492747302240,1820,HTTP Request,Non HTTP response code: java.net.SocketTimeoutException,Non HTTP response message: Read timed out,Thread Group 56-1,text,false,,2690,0,1,141,0,0,235
1492747302149,1909,HTTP Request,Non HTTP response code: java.net.SocketTimeoutException,Non HTTP response message: Read timed out,Thread Group 10-1,text,false,,2690,0,1,141,0,0,326
1492747302149,1909,HTTP Request,Non HTTP response code: java.net.SocketTimeoutException,Non HTTP response message: Read timed out,Thread Group 47-1,text,false,,2690,0,1,141,0,0,327
1492747302149,1907,HTTP Request,Non HTTP response code: java.net.SocketTimeoutException,Non HTTP response message: Read timed out,Thread Group 7-1,text,false,,2690,0,1,141,0,0,326
1492747302152,1905,HTTP Request,Non HTTP response code: java.net.SocketTimeoutException,Non HTTP response message: Read timed out,Thread Group 41-1,text,false,,2690,0,1,141,0,0,325
1492747302150,1905,HTTP Request,Non HTTP response code: java.net.SocketTimeoutException,Non HTTP response message: Read timed out,Thread Group 21-1,text,false,,2690,0,1,141,0,0,326
1492747302280,1775,HTTP Request,Non HTTP response code: java.net.SocketTimeoutException,Non HTTP response message: Read timed out,Thread Group 72-1,text,false,,2690,0,1,141,0,0,198
1492747302149,1904,HTTP Request,Non HTTP response code: java.net.SocketTimeoutException,Non HTTP response message: Read timed out,Thread Group 6-1,text,false,,2690,0,1,141,0,0,328
1492747302148,1905,HTTP Request,Non HTTP response code: java.net.SocketTimeoutException,Non HTTP response message: Read timed out,Thread Group 30-1,text,false,,2690,0,1,141,0,0,330
1492747302153,1900,HTTP Request,Non HTTP response code: java.net.SocketTimeoutException,Non HTTP response message: Read timed out,Thread Group 44-1,text,false,,2690,0,1,141,0,0,326
1492747302330,1722,HTTP Request,Non HTTP response code: java.net.SocketTimeoutException,Non HTTP response message: Read timed out,Thread Group 80-1,text,false,,2690,0,1,141,0,0,149
1492747302333,1719,HTTP Request,Non HTTP response code: java.net.SocketTimeoutException,Non HTTP response message: Read timed out,Thread Group 81-1,text,false,,2690,0,1,141,0,0,147
1492747302359,1692,HTTP Request,Non HTTP response code: java.net.SocketTimeoutException,Non HTTP response message: Read timed out,Thread Group 90-1,text,false,,2690,0,1,141,0,0,121
1492747302363,1687,HTTP Request,Non HTTP response code: java.net.SocketTimeoutException,Non HTTP response message: Read timed out,Thread Group 94-1,text,false,,2690,0,1,141,0,0,118
1492747302370,1680,HTTP Request,Non HTTP response code: java.net.SocketTimeoutException,Non HTTP response message: Read timed out,Thread Group 99-1,text,false,,2690,0,1,141,0,0,112
1492747302383,1666,HTTP Request,Non HTTP response code: java.net.SocketTimeoutException,Non HTTP response message: Read timed out,Thread Group 110-1,text,false,,2690,0,1,141,0,0,100
1492747302393,1655,HTTP Request,Non HTTP response code: java.net.SocketTimeoutException,Non HTTP response message: Read timed out,Thread Group 118-1,text,false,,2690,0,1,141,0,0,91
1492747302396,1652,HTTP Request,Non HTTP response code: java.net.SocketTimeoutException,Non HTTP response message: Read timed out,Thread Group 120-1,text,false,,2690,0,1,141,0,0,88
1492747302405,1642,HTTP Request,Non HTTP response code: java.net.SocketTimeoutException,Non HTTP response message: Read timed out,Thread Group 127-1,text,false,,2690,0,1,141,0,0,80
1492747302409,1637,HTTP Request,Non HTTP response code: java.net.SocketTimeoutException,Non HTTP response message: Read timed out,Thread Group 130-1,text,false,,2690,0,1,141,0,0,76
1492747302410,1636,HTTP Request,Non HTTP response code: java.net.SocketTimeoutException,Non HTTP response message: Read timed out,Thread Group 131-1,text,false,,2690,0,1,141,0,0,75
1492747302414,1631,HTTP Request,Non HTTP response code: java.net.SocketTimeoutException,Non HTTP response message: Read timed out,Thread Group 134-1,text,false,,2690,0,1,141,0,0,71
1492747302377,1650,HTTP Request,Non HTTP response code: java.net.SocketTimeoutException,Non HTTP response message: Read timed out,Thread Group 105-1,text,false,,2690,0,1,141,0,0,105
1492747302235,1777,HTTP Request,Non HTTP response code: java.net.SocketTimeoutException,Non HTTP response message: Read timed out,Thread Group 65-1,text,false,,2690,0,1,141,0,0,243
1492747302237,1759,HTTP Request,Non HTTP response code: java.net.SocketTimeoutException,Non HTTP response message: Read timed out,Thread Group 62-1,text,false,,2690,0,1,141,0,0,233
1492747303174,1503,HTTP Request,Non HTTP response code: java.net.SocketTimeoutException,Non HTTP response message: Read timed out,Thread Group 102-1,text,false,,2690,0,1,141,0,0,1
1492747303534,1502,HTTP Request,Non HTTP response code: java.net.SocketTimeoutException,Non HTTP response message: Read timed out,Thread Group 103-1,text,false,,2690,0,1,141,0,0,0
1492747303804,1503,HTTP Request,Non HTTP response code: java.net.SocketTimeoutException,Non HTTP response message: Read timed out,Thread Group 104-1,text,false,,2690,0,1,141,0,0,1
1492747302916,2502,HTTP Request,Non HTTP response code: java.net.SocketTimeoutException,Non HTTP response message: Read timed out,Thread Group 101-1,text,false,,2690,0,1,141,0,0,1000
1492747303999,1501,HTTP Request,Non HTTP response code: org.apache.http.conn.ConnectTimeoutException,Non HTTP response message: Connect to 10.138.0.2:80 timed out,Thread Group 77-1,text,false,,1658,0,1,141,0,0,1501
1492747304000,1502,HTTP Request,Non HTTP response code: org.apache.http.conn.ConnectTimeoutException,Non HTTP response message: Connect to 10.138.0.2:80 timed out,Thread Group 1-1,text,false,,1658,0,1,141,0,0,1502
1492747304001,1502,HTTP Request,Non HTTP response code: org.apache.http.conn.ConnectTimeoutException,Non HTTP response message: Connect to 10.138.0.2:80 timed out,Thread Group 74-1,text,false,,1658,0,1,141,0,0,1502
1492747304002,1502,HTTP Request,Non HTTP response code: org.apache.http.conn.ConnectTimeoutException,Non HTTP response message: Connect to 10.138.0.2:80 timed out,Thread Group 39-1,text,false,,1658,0,1,141,0,0,1502
1492747304003,1501,HTTP Request,Non HTTP response code: org.apache.http.conn.ConnectTimeoutException,Non HTTP response message: Connect to 10.138.0.2:80 timed out,Thread Group 20-1,text,false,,1658,0,1,141,0,0,1501
1492747304004,1502,HTTP Request,Non HTTP response code: org.apache.http.conn.ConnectTimeoutException,Non HTTP response message: Connect to 10.138.0.2:80 timed out,Thread Group 3-1,text,false,,1658,0,1,141,0,0,1502
1492747304005,1502,HTTP Request,Non HTTP response code: org.apache.http.conn.ConnectTimeoutException,Non HTTP response message: Connect to 10.138.0.2:80 timed out,Thread Group 24-1,text,false,,1658,0,1,141,0,0,1501
1492747304006,1502,HTTP Request,Non HTTP response code: org.apache.http.conn.ConnectTimeoutException,Non HTTP response message: Connect to 10.138.0.2:80 timed out,Thread Group 38-1,text,false,,1658,0,1,141,0,0,1502
1492747304007,1501,HTTP Request,Non HTTP response code: org.apache.http.conn.ConnectTimeoutException,Non HTTP response message: Connect to 10.138.0.2:80 timed out,Thread Group 23-1,text,false,,1658,0,1,141,0,0,1501
1492747304008,1502,HTTP Request,Non HTTP response code: org.apache.http.conn.ConnectTimeoutException,Non HTTP response message: Connect to 10.138.0.2:80 timed out,Thread Group 12-1,text,false,,1658,0,1,141,0,0,1502
1492747304009,1502,HTTP Request,Non HTTP response code: org.apache.http.conn.ConnectTimeoutException,Non HTTP response message: Connect to 10.138.0.2:80 timed out,Thread Group 68-1,text,false,,1658,0,1,141,0,0,1502
1492747304010,1502,HTTP Request,Non HTTP response code: org.apache.http.conn.ConnectTimeoutException,Non HTTP response message: Connect to 10.138.0.2:80 timed out,Thread Group 54-1,text,false,,1658,0,1,141,0,0,1502
1492747304011,1501,HTTP Request,Non HTTP response code: org.apache.http.conn.ConnectTimeoutException,Non HTTP response message: Connect to 10.138.0.2:80 timed out,Thread Group 59-1,text,false,,1658,0,1,141,0,0,1501
1492747304012,1502,HTTP Request,Non HTTP response code: org.apache.http.conn.ConnectTimeoutException,Non HTTP response message: Connect to 10.138.0.2:80 timed out,Thread Group 61-1,text,false,,1658,0,1,141,0,0,1502
1492747304013,1502,HTTP Request,Non HTTP response code: org.apache.http.conn.ConnectTimeoutException,Non HTTP response message: Connect to 10.138.0.2:80 timed out,Thread Group 45-1,text,false,,1658,0,1,141,0,0,1502
1492747304014,1502,HTTP Request,Non HTTP response code: org.apache.http.conn.ConnectTimeoutException,Non HTTP response message: Connect to 10.138.0.2:80 timed out,Thread Group 33-1,text,false,,1658,0,1,141,0,0,1502
1492747304015,1501,HTTP Request,Non HTTP response code: org.apache.http.conn.ConnectTimeoutException,Non HTTP response message: Connect to 10.138.0.2:80 timed out,Thread Group 17-1,text,false,,1658,0,1,141,0,0,1501
1492747304016,1502,HTTP Request,Non HTTP response code: org.apache.http.conn.ConnectTimeoutException,Non HTTP response message: Connect to 10.138.0.2:80 timed out,Thread Group 82-1,text,false,,1658,0,1,141,0,0,1502
1492747304017,1502,HTTP Request,Non HTTP response code: org.apache.http.conn.ConnectTimeoutException,Non HTTP response message: Connect to 10.138.0.2:80 timed out,Thread Group 83-1,text,false,,1658,0,1,141,0,0,1502
1492747304019,1501,HTTP Request,Non HTTP response code: org.apache.http.conn.ConnectTimeoutException,Non HTTP response message: Connect to 10.138.0.2:80 timed out,Thread Group 85-1,text,false,,1658,0,1,141,0,0,1501
1492747304022,1502,HTTP Request,Non HTTP response code: org.apache.http.conn.ConnectTimeoutException,Non HTTP response message: Connect to 10.138.0.2:80 timed out,Thread Group 92-1,text,false,,1658,0,1,141,0,0,1502
1492747304023,1501,HTTP Request,Non HTTP response code: org.apache.http.conn.ConnectTimeoutException,Non HTTP response message: Connect to 10.138.0.2:80 timed out,Thread Group 95-1,text,false,,1658,0,1,141,0,0,1501
1492747304020,1504,HTTP Request,Non HTTP response code: org.apache.http.conn.ConnectTimeoutException,Non HTTP response message: Connect to 10.138.0.2:80 timed out,Thread Group 89-1,text,false,,1658,0,1,141,0,0,1504
1492747304021,1502,HTTP Request,Non HTTP response code: org.apache.http.conn.ConnectTimeoutException,Non HTTP response message: Connect to 10.138.0.2:80 timed out,Thread Group 91-1,text,false,,1658,0,1,141,0,0,1502
1492747304024,1502,HTTP Request,Non HTTP response code: org.apache.http.conn.ConnectTimeoutException,Non HTTP response message: Connect to 10.138.0.2:80 timed out,Thread Group 97-1,text,false,,1658,0,1,141,0,0,1502
1492747304025,1502,HTTP Request,Non HTTP response code: org.apache.http.conn.ConnectTimeoutException,Non HTTP response message: Connect to 10.138.0.2:80 timed out,Thread Group 98-1,text,false,,1658,0,1,141,0,0,1501
1492747304018,1502,HTTP Request,Non HTTP response code: org.apache.http.conn.ConnectTimeoutException,Non HTTP response message: Connect to 10.138.0.2:80 timed out,Thread Group 84-1,text,false,,1658,0,1,141,0,0,1502
1492747304026,1502,HTTP Request,Non HTTP response code: org.apache.http.conn.ConnectTimeoutException,Non HTTP response message: Connect to 10.138.0.2:80 timed out,Thread Group 87-1,text,false,,1658,0,1,141,0,0,1502
1492747304027,1501,HTTP Request,Non HTTP response code: org.apache.http.conn.ConnectTimeoutException,Non HTTP response message: Connect to 10.138.0.2:80 timed out,Thread Group 100-1,text,false,,1658,0,1,141,0,0,1501
1492747304028,1502,HTTP Request,Non HTTP response code: org.apache.http.conn.ConnectTimeoutException,Non HTTP response message: Connect to 10.138.0.2:80 timed out,Thread Group 107-1,text,false,,1658,0,1,141,0,0,1502
1492747304029,1502,HTTP Request,Non HTTP response code: org.apache.http.conn.ConnectTimeoutException,Non HTTP response message: Connect to 10.138.0.2:80 timed out,Thread Group 108-1,text,false,,1658,0,1,141,0,0,1502
1492747304031,1501,HTTP Request,Non HTTP response code: org.apache.http.conn.ConnectTimeoutException,Non HTTP response message: Connect to 10.138.0.2:80 timed out,Thread Group 111-1,text,false,,1658,0,1,141,0,0,1501
1492747304033,1500,HTTP Request,Non HTTP response code: org.apache.http.conn.ConnectTimeoutException,Non HTTP response message: Connect to 10.138.0.2:80 timed out,Thread Group 114-1,text,false,,1658,0,1,141,0,0,1500
1492747304035,1501,HTTP Request,Non HTTP response code: org.apache.http.conn.ConnectTimeoutException,Non HTTP response message: Connect to 10.138.0.2:80 timed out,Thread Group 119-1,text,false,,1658,0,1,141,0,0,1501
1492747304034,1501,HTTP Request,Non HTTP response code: org.apache.http.conn.ConnectTimeoutException,Non HTTP response message: Connect to 10.138.0.2:80 timed out,Thread Group 115-1,text,false,,1658,0,1,141,0,0,1501
1492747304037,1500,HTTP Request,Non HTTP response code: org.apache.http.conn.ConnectTimeoutException,Non HTTP response message: Connect to 10.138.0.2:80 timed out,Thread Group 123-1,text,false,,1658,0,1,141,0,0,1500
1492747304039,1501,HTTP Request,Non HTTP response code: org.apache.http.conn.ConnectTimeoutException,Non HTTP response message: Connect to 10.138.0.2:80 timed out,Thread Group 128-1,text,false,,1658,0,1,141,0,0,1501
1492747304038,1501,HTTP Request,Non HTTP response code: org.apache.http.conn.ConnectTimeoutException,Non HTTP response message: Connect to 10.138.0.2:80 timed out,Thread Group 125-1,text,false,,1658,0,1,141,0,0,1501
1492747304040,1502,HTTP Request,Non HTTP response code: org.apache.http.conn.ConnectTimeoutException,Non HTTP response message: Connect to 10.138.0.2:80 timed out,Thread Group 133-1,text,false,,1658,0,1,141,0,0,1502
1492747304042,1503,HTTP Request,Non HTTP response code: org.apache.http.conn.ConnectTimeoutException,Non HTTP response message: Connect to 10.138.0.2:80 timed out,Thread Group 141-1,text,false,,1658,0,1,141,0,0,1503
1492747304041,1502,HTTP Request,Non HTTP response code: org.apache.http.conn.ConnectTimeoutException,Non HTTP response message: Connect to 10.138.0.2:80 timed out,Thread Group 137-1,text,false,,1658,0,1,141,0,0,1502
1492747304044,1502,HTTP Request,Non HTTP response code: org.apache.http.conn.ConnectTimeoutException,Non HTTP response message: Connect to 10.138.0.2:80 timed out,Thread Group 9-1,text,false,,1658,0,1,141,0,0,1502
1492747304086,1502,HTTP Request,Non HTTP response code: org.apache.http.conn.ConnectTimeoutException,Non HTTP response message: Connect to 10.138.0.2:80 timed out,Thread Group 50-1,text,false,,1658,0,1,141,0,0,1502
1492747304031,1558,HTTP Request,Non HTTP response code: org.apache.http.conn.ConnectTimeoutException,Non HTTP response message: Connect to 10.138.0.2:80 timed out,Thread Group 112-1,text,false,,1658,0,1,141,0,0,1558
1492747303998,1591,HTTP Request,Non HTTP response code: java.net.SocketTimeoutException,Non HTTP response message: Read timed out,Thread Group 42-1,text,false,,2690,0,1,141,0,0,88
1492747304115,1502,HTTP Request,Non HTTP response code: org.apache.http.conn.ConnectTimeoutException,Non HTTP response message: Connect to 10.138.0.2:80 timed out,Thread Group 2-1,text,false,,1658,0,1,141,0,0,1502
1492747304116,1502,HTTP Request,Non HTTP response code: org.apache.http.conn.ConnectTimeoutException,Non HTTP response message: Connect to 10.138.0.2:80 timed out,Thread Group 69-1,text,false,,1658,0,1,141,0,0,1502
1492747304116,1503,HTTP Request,Non HTTP response code: org.apache.http.conn.ConnectTimeoutException,Non HTTP response message: Connect to 10.138.0.2:80 timed out,Thread Group 57-1,text,false,,1658,0,1,141,0,0,1503
1492747304117,1503,HTTP Request,Non HTTP response code: org.apache.http.conn.ConnectTimeoutException,Non HTTP response message: Connect to 10.138.0.2:80 timed out,Thread Group 64-1,text,false,,1658,0,1,141,0,0,1503
1492747304117,1504,HTTP Request,Non HTTP response code: org.apache.http.conn.ConnectTimeoutException,Non HTTP response message: Connect to 10.138.0.2:80 timed out,Thread Group 37-1,text,false,,1658,0,1,141,0,0,1504
1492747304117,1504,HTTP Request,Non HTTP response code: org.apache.http.conn.ConnectTimeoutException,Non HTTP response message: Connect to 10.138.0.2:80 timed out,Thread Group 63-1,text,false,,1658,0,1,141,0,0,1504
1492747304118,1504,HTTP Request,Non HTTP response code: org.apache.http.conn.ConnectTimeoutException,Non HTTP response message: Connect to 10.138.0.2:80 timed out,Thread Group 48-1,text,false,,1658,0,1,141,0,0,1504
1492747304118,1504,HTTP Request,Non HTTP response code: org.apache.http.conn.ConnectTimeoutException,Non HTTP response message: Connect to 10.138.0.2:80 timed out,Thread Group 56-1,text,false,,1658,0,1,141,0,0,1504
1492747304119,1504,HTTP Request,Non HTTP response code: org.apache.http.conn.ConnectTimeoutException,Non HTTP response message: Connect to 10.138.0.2:80 timed out,Thread Group 10-1,text,false,,1658,0,1,141,0,0,1504
1492747304120,1503,HTTP Request,Non HTTP response code: org.apache.http.conn.ConnectTimeoutException,Non HTTP response message: Connect to 10.138.0.2:80 timed out,Thread Group 21-1,text,false,,1658,0,1,141,0,0,1503
1492747304119,1505,HTTP Request,Non HTTP response code: org.apache.http.conn.ConnectTimeoutException,Non HTTP response message: Connect to 10.138.0.2:80 timed out,Thread Group 47-1,text,false,,1658,0,1,141,0,0,1505
1492747304119,1505,HTTP Request,Non HTTP response code: org.apache.http.conn.ConnectTimeoutException,Non HTTP response message: Connect to 10.138.0.2:80 timed out,Thread Group 7-1,text,false,,1658,0,1,141,0,0,1505
1492747304119,1506,HTTP Request,Non HTTP response code: org.apache.http.conn.ConnectTimeoutException,Non HTTP response message: Connect to 10.138.0.2:80 timed out,Thread Group 41-1,text,false,,1658,0,1,141,0,0,1506
1492747304120,1505,HTTP Request,Non HTTP response code: org.apache.http.conn.ConnectTimeoutException,Non HTTP response message: Connect to 10.138.0.2:80 timed out,Thread Group 72-1,text,false,,1658,0,1,141,0,0,1505
1492747304120,1505,HTTP Request,Non HTTP response code: org.apache.http.conn.ConnectTimeoutException,Non HTTP response message: Connect to 10.138.0.2:80 timed out,Thread Group 6-1,text,false,,1658,0,1,141,0,0,1505
1492747304121,1505,HTTP Request,Non HTTP response code: org.apache.http.conn.ConnectTimeoutException,Non HTTP response message: Connect to 10.138.0.2:80 timed out,Thread Group 30-1,text,false,,1658,0,1,141,0,0,1505
1492747304121,1505,HTTP Request,Non HTTP response code: org.apache.http.conn.ConnectTimeoutException,Non HTTP response message: Connect to 10.138.0.2:80 timed out,Thread Group 44-1,text,false,,1658,0,1,141,0,0,1505
1492747304121,1506,HTTP Request,Non HTTP response code: org.apache.http.conn.ConnectTimeoutException,Non HTTP response message: Connect to 10.138.0.2:80 timed out,Thread Group 80-1,text,false,,1658,0,1,141,0,0,1506
1492747304122,1505,HTTP Request,Non HTTP response code: org.apache.http.conn.ConnectTimeoutException,Non HTTP response message: Connect to 10.138.0.2:80 timed out,Thread Group 81-1,text,false,,1658,0,1,141,0,0,1505
1492747304122,1506,HTTP Request,Non HTTP response code: org.apache.http.conn.ConnectTimeoutException,Non HTTP response message: Connect to 10.138.0.2:80 timed out,Thread Group 90-1,text,false,,1658,0,1,141,0,0,1506
1492747304122,1506,HTTP Request,Non HTTP response code: org.apache.http.conn.ConnectTimeoutException,Non HTTP response message: Connect to 10.138.0.2:80 timed out,Thread Group 94-1,text,false,,1658,0,1,141,0,0,1506
1492747304122,1506,HTTP Request,Non HTTP response code: org.apache.http.conn.ConnectTimeoutException,Non HTTP response message: Connect to 10.138.0.2:80 timed out,Thread Group 99-1,text,false,,1658,0,1,141,0,0,1506
1492747304123,1506,HTTP Request,Non HTTP response code: org.apache.http.conn.ConnectTimeoutException,Non HTTP response message: Connect to 10.138.0.2:80 timed out,Thread Group 110-1,text,false,,1658,0,1,141,0,0,1506
1492747304123,1506,HTTP Request,Non HTTP response code: org.apache.http.conn.ConnectTimeoutException,Non HTTP response message: Connect to 10.138.0.2:80 timed out,Thread Group 118-1,text,false,,1658,0,1,141,0,0,1506
1492747304123,1507,HTTP Request,Non HTTP response code: org.apache.http.conn.ConnectTimeoutException,Non HTTP response message: Connect to 10.138.0.2:80 timed out,Thread Group 120-1,text,false,,1658,0,1,141,0,0,1507
1492747304124,1506,HTTP Request,Non HTTP response code: org.apache.http.conn.ConnectTimeoutException,Non HTTP response message: Connect to 10.138.0.2:80 timed out,Thread Group 127-1,text,false,,1658,0,1,141,0,0,1506
1492747304124,1507,HTTP Request,Non HTTP response code: org.apache.http.conn.ConnectTimeoutException,Non HTTP response message: Connect to 10.138.0.2:80 timed out,Thread Group 130-1,text,false,,1658,0,1,141,0,0,1507
1492747304124,1507,HTTP Request,Non HTTP response code: org.apache.http.conn.ConnectTimeoutException,Non HTTP response message: Connect to 10.138.0.2:80 timed out,Thread Group 131-1,text,false,,1658,0,1,141,0,0,1507
1492747304125,1507,HTTP Request,Non HTTP response code: org.apache.http.conn.ConnectTimeoutException,Non HTTP response message: Connect to 10.138.0.2:80 timed out,Thread Group 134-1,text,false,,1658,0,1,141,0,0,1507
1492747304115,1517,HTTP Request,Non HTTP response code: java.net.SocketTimeoutException,Non HTTP response message: Read timed out,Thread Group 5-1,text,false,,2690,0,1,141,0,0,10
1492747304112,1521,HTTP Request,Non HTTP response code: java.net.SocketTimeoutException,Non HTTP response message: Read timed out,Thread Group 34-1,text,false,,2690,0,1,141,0,0,13
1492747304110,1523,HTTP Request,Non HTTP response code: java.net.SocketTimeoutException,Non HTTP response message: Read timed out,Thread Group 52-1,text,false,,2690,0,1,141,0,0,15
1492747304112,1522,HTTP Request,Non HTTP response code: java.net.SocketTimeoutException,Non HTTP response message: Read timed out,Thread Group 55-1,text,false,,2690,0,1,141,0,0,13
1492747304115,1519,HTTP Request,Non HTTP response code: java.net.SocketTimeoutException,Non HTTP response message: Read timed out,Thread Group 35-1,text,false,,2690,0,1,141,0,0,11
1492747304115,1520,HTTP Request,Non HTTP response code: java.net.SocketTimeoutException,Non HTTP response message: Read timed out,Thread Group 76-1,text,false,,2690,0,1,141,0,0,11
1492747304114,1521,HTTP Request,Non HTTP response code: java.net.SocketTimeoutException,Non HTTP response message: Read timed out,Thread Group 11-1,text,false,,2690,0,1,141,0,0,12
1492747304108,1528,HTTP Request,Non HTTP response code: java.net.SocketTimeoutException,Non HTTP response message: Read timed out,Thread Group 53-1,text,false,,2690,0,1,141,0,0,18
1492747304113,1523,HTTP Request,Non HTTP response code: java.net.SocketTimeoutException,Non HTTP response message: Read timed out,Thread Group 18-1,text,false,,2690,0,1,141,0,0,13
1492747304111,1526,HTTP Request,Non HTTP response code: java.net.SocketTimeoutException,Non HTTP response message: Read timed out,Thread Group 60-1,text,false,,2690,0,1,141,0,0,16
1492747304110,1527,HTTP Request,Non HTTP response code: java.net.SocketTimeoutException,Non HTTP response message: Read timed out,Thread Group 124-1,text,false,,2690,0,1,141,0,0,17
1492747304113,1525,HTTP Request,Non HTTP response code: java.net.SocketTimeoutException,Non HTTP response message: Read timed out,Thread Group 70-1,text,false,,2690,0,1,141,0,0,14
1492747304114,1524,HTTP Request,Non HTTP response code: java.net.SocketTimeoutException,Non HTTP response message: Read timed out,Thread Group 36-1,text,false,,2690,0,1,141,0,0,13
1492747304105,1534,HTTP Request,Non HTTP response code: java.net.SocketTimeoutException,Non HTTP response message: Read timed out,Thread Group 96-1,text,false,,2690,0,1,141,0,0,22
1492747304107,1532,HTTP Request,Non HTTP response code: java.net.SocketTimeoutException,Non HTTP response message: Read timed out,Thread Group 138-1,text,false,,2690,0,1,141,0,0,21
1492747304111,1529,HTTP Request,Non HTTP response code: java.net.SocketTimeoutException,Non HTTP response message: Read timed out,Thread Group 51-1,text,false,,2690,0,1,141,0,0,17
1492747304111,1529,HTTP Request,Non HTTP response code: java.net.SocketTimeoutException,Non HTTP response message: Read timed out,Thread Group 66-1,text,false,,2690,0,1,141,0,0,17
1492747304113,1528,HTTP Request,Non HTTP response code: java.net.SocketTimeoutException,Non HTTP response message: Read timed out,Thread Group 67-1,text,false,,2690,0,1,141,0,0,16
1492747304112,1529,HTTP Request,Non HTTP response code: java.net.SocketTimeoutException,Non HTTP response message: Read timed out,Thread Group 58-1,text,false,,2690,0,1,141,0,0,17
1492747304107,1535,HTTP Request,Non HTTP response code: java.net.SocketTimeoutException,Non HTTP response message: Read timed out,Thread Group 75-1,text,false,,2690,0,1,141,0,0,20
1492747304116,1503,HTTP Request,Non HTTP response code: org.apache.http.conn.ConnectTimeoutException,Non HTTP response message: Connect to 10.138.0.2:80 timed out,Thread Group 15-1,text,false,,1658,0,1,141,0,0,1503
1492747304101,1553,HTTP Request,Non HTTP response code: java.net.SocketTimeoutException,Non HTTP response message: Read timed out,Thread Group 27-1,text,false,,2690,0,1,141,0,0,51
1492747304152,1502,HTTP Request,Non HTTP response code: org.apache.http.conn.ConnectTimeoutException,Non HTTP response message: Connect to 10.138.0.2:80 timed out,Thread Group 105-1,text,false,,1658,0,1,141,0,0,1502
1492747304095,1560,HTTP Request,Non HTTP response code: java.net.SocketTimeoutException,Non HTTP response message: Read timed out,Thread Group 135-1,text,false,,2690,0,1,141,0,0,59
1492747304110,1546,HTTP Request,Non HTTP response code: java.net.SocketTimeoutException,Non HTTP response message: Read timed out,Thread Group 139-1,text,false,,2690,0,1,141,0,0,44
1492747304104,1552,HTTP Request,Non HTTP response code: java.net.SocketTimeoutException,Non HTTP response message: Read timed out,Thread Group 88-1,text,false,,2690,0,1,141,0,0,50
1492747304099,1558,HTTP Request,Non HTTP response code: java.net.SocketTimeoutException,Non HTTP response message: Read timed out,Thread Group 116-1,text,false,,2690,0,1,141,0,0,55
1492747304096,1561,HTTP Request,Non HTTP response code: java.net.SocketTimeoutException,Non HTTP response message: Read timed out,Thread Group 140-1,text,false,,2690,0,1,141,0,0,58
1492747304104,1554,HTTP Request,Non HTTP response code: java.net.SocketTimeoutException,Non HTTP response message: Read timed out,Thread Group 14-1,text,false,,2690,0,1,141,0,0,50
1492747304101,1557,HTTP Request,Non HTTP response code: java.net.SocketTimeoutException,Non HTTP response message: Read timed out,Thread Group 22-1,text,false,,2690,0,1,141,0,0,54
1492747304107,1552,HTTP Request,Non HTTP response code: java.net.SocketTimeoutException,Non HTTP response message: Read timed out,Thread Group 132-1,text,false,,2690,0,1,141,0,0,48
1492747304100,1559,HTTP Request,Non HTTP response code: java.net.SocketTimeoutException,Non HTTP response message: Read timed out,Thread Group 93-1,text,false,,2690,0,1,141,0,0,55
1492747304102,1558,HTTP Request,Non HTTP response code: java.net.SocketTimeoutException,Non HTTP response message: Read timed out,Thread Group 43-1,text,false,,2690,0,1,141,0,0,53
1492747304105,1555,HTTP Request,Non HTTP response code: java.net.SocketTimeoutException,Non HTTP response message: Read timed out,Thread Group 32-1,text,false,,2690,0,1,141,0,0,50
1492747304100,1561,HTTP Request,Non HTTP response code: java.net.SocketTimeoutException,Non HTTP response message: Read timed out,Thread Group 79-1,text,false,,2690,0,1,141,0,0,56
1492747304103,1558,HTTP Request,Non HTTP response code: java.net.SocketTimeoutException,Non HTTP response message: Read timed out,Thread Group 46-1,text,false,,2690,0,1,141,0,0,53
1492747304102,1560,HTTP Request,Non HTTP response code: java.net.SocketTimeoutException,Non HTTP response message: Read timed out,Thread Group 40-1,text,false,,2690,0,1,141,0,0,54
1492747304106,1556,HTTP Request,Non HTTP response code: java.net.SocketTimeoutException,Non HTTP response message: Read timed out,Thread Group 121-1,text,false,,2690,0,1,141,0,0,50
1492747304108,1555,HTTP Request,Non HTTP response code: java.net.SocketTimeoutException,Non HTTP response message: Read timed out,Thread Group 106-1,text,false,,2690,0,1,141,0,0,48
1492747304104,1559,HTTP Request,Non HTTP response code: java.net.SocketTimeoutException,Non HTTP response message: Read timed out,Thread Group 19-1,text,false,,2690,0,1,141,0,0,53
1492747304103,1561,HTTP Request,Non HTTP response code: java.net.SocketTimeoutException,Non HTTP response message: Read timed out,Thread Group 8-1,text,false,,2690,0,1,141,0,0,54
1492747304109,1555,HTTP Request,Non HTTP response code: java.net.SocketTimeoutException,Non HTTP response message: Read timed out,Thread Group 49-1,text,false,,2690,0,1,141,0,0,48
1492747304106,1559,HTTP Request,Non HTTP response code: java.net.SocketTimeoutException,Non HTTP response message: Read timed out,Thread Group 86-1,text,false,,2690,0,1,141,0,0,51
1492747304108,1557,HTTP Request,Non HTTP response code: java.net.SocketTimeoutException,Non HTTP response message: Read timed out,Thread Group 16-1,text,false,,2690,0,1,141,0,0,49
1492747304109,1556,HTTP Request,Non HTTP response code: java.net.SocketTimeoutException,Non HTTP response message: Read timed out,Thread Group 71-1,text,false,,2690,0,1,141,0,0,48
1492747304102,1564,HTTP Request,Non HTTP response code: java.net.SocketTimeoutException,Non HTTP response message: Read timed out,Thread Group 73-1,text,false,,2690,0,1,141,0,0,56
1492747304105,1561,HTTP Request,Non HTTP response code: java.net.SocketTimeoutException,Non HTTP response message: Read timed out,Thread Group 4-1,text,false,,2690,0,1,141,0,0,53
1492747304099,1568,HTTP Request,Non HTTP response code: java.net.SocketTimeoutException,Non HTTP response message: Read timed out,Thread Group 129-1,text,false,,2690,0,1,141,0,0,59
1492747304097,1570,HTTP Request,Non HTTP response code: java.net.SocketTimeoutException,Non HTTP response message: Read timed out,Thread Group 136-1,text,false,,2690,0,1,141,0,0,61
1492747304099,1569,HTTP Request,Non HTTP response code: java.net.SocketTimeoutException,Non HTTP response message: Read timed out,Thread Group 109-1,text,false,,2690,0,1,141,0,0,59
1492747304097,1571,HTTP Request,Non HTTP response code: java.net.SocketTimeoutException,Non HTTP response message: Read timed out,Thread Group 126-1,text,false,,2690,0,1,141,0,0,61
1492747304109,1560,HTTP Request,Non HTTP response code: java.net.SocketTimeoutException,Non HTTP response message: Read timed out,Thread Group 29-1,text,false,,2690,0,1,141,0,0,50
1492747304103,1566,HTTP Request,Non HTTP response code: java.net.SocketTimeoutException,Non HTTP response message: Read timed out,Thread Group 31-1,text,false,,2690,0,1,141,0,0,56
1492747304098,1571,HTTP Request,Non HTTP response code: java.net.SocketTimeoutException,Non HTTP response message: Read timed out,Thread Group 117-1,text,false,,2690,0,1,141,0,0,61
1492747304106,1564,HTTP Request,Non HTTP response code: java.net.SocketTimeoutException,Non HTTP response message: Read timed out,Thread Group 26-1,text,false,,2690,0,1,141,0,0,53
1492747304114,1556,HTTP Request,Non HTTP response code: java.net.SocketTimeoutException,Non HTTP response message: Read timed out,Thread Group 28-1,text,false,,2690,0,1,141,0,0,45
1492747304100,1571,HTTP Request,Non HTTP response code: java.net.SocketTimeoutException,Non HTTP response message: Read timed out,Thread Group 13-1,text,false,,2690,0,1,141,0,0,59
1492747304097,1575,HTTP Request,Non HTTP response code: java.net.SocketTimeoutException,Non HTTP response message: Read timed out,Thread Group 122-1,text,false,,2690,0,1,141,0,0,63
1492747304098,1574,HTTP Request,Non HTTP response code: java.net.SocketTimeoutException,Non HTTP response message: Read timed out,Thread Group 113-1,text,false,,2690,0,1,141,0,0,62
1492747304107,1566,HTTP Request,Non HTTP response code: java.net.SocketTimeoutException,Non HTTP response message: Read timed out,Thread Group 25-1,text,false,,2690,0,1,141,0,0,48
1492747304101,1570,HTTP Request,Non HTTP response code: java.net.SocketTimeoutException,Non HTTP response message: Read timed out,Thread Group 78-1,text,false,,2690,0,1,141,0,0,59
1492747304678,1504,HTTP Request,Non HTTP response code: java.net.SocketTimeoutException,Non HTTP response message: Read timed out,Thread Group 102-1,text,false,,2690,0,1,141,0,0,0
1492747304153,2501,HTTP Request,Non HTTP response code: java.net.SocketTimeoutException,Non HTTP response message: Read timed out,Thread Group 62-1,text,false,,2690,0,1,141,0,0,999
1492747304153,2502,HTTP Request,Non HTTP response code: java.net.SocketTimeoutException,Non HTTP response message: Read timed out,Thread Group 65-1,text,false,,2690,0,1,141,0,0,999
1492747305307,1503,HTTP Request,Non HTTP response code: java.net.SocketTimeoutException,Non HTTP response message: Read timed out,Thread Group 104-1,text,false,,2690,0,1,141,0,0,1
1492747305501,1502,HTTP Request,Non HTTP response code: java.net.SocketTimeoutException,Non HTTP response message: Read timed out,Thread Group 77-1,text,false,,2690,0,1,141,0,0,0
1492747305502,1502,HTTP Request,Non HTTP response code: org.apache.http.conn.ConnectTimeoutException,Non HTTP response message: Connect to 10.138.0.2:80 timed out,Thread Group 1-1,text,false,,1658,0,1,141,0,0,1502
1492747305504,1502,HTTP Request,Non HTTP response code: org.apache.http.conn.ConnectTimeoutException,Non HTTP response message: Connect to 10.138.0.2:80 timed out,Thread Group 39-1,text,false,,1658,0,1,141,0,0,1502
1492747305504,1502,HTTP Request,Non HTTP response code: org.apache.http.conn.ConnectTimeoutException,Non HTTP response message: Connect to 10.138.0.2:80 timed out,Thread Group 20-1,text,false,,1658,0,1,141,0,0,1502
1492747305506,1502,HTTP Request,Non HTTP response code: org.apache.http.conn.ConnectTimeoutException,Non HTTP response message: Connect to 10.138.0.2:80 timed out,Thread Group 3-1,text,false,,1658,0,1,141,0,0,1502
1492747305507,1501,HTTP Request,Non HTTP response code: org.apache.http.conn.ConnectTimeoutException,Non HTTP response message: Connect to 10.138.0.2:80 timed out,Thread Group 24-1,text,false,,1658,0,1,141,0,0,1501
1492747305508,1502,HTTP Request,Non HTTP response code: org.apache.http.conn.ConnectTimeoutException,Non HTTP response message: Connect to 10.138.0.2:80 timed out,Thread Group 38-1,text,false,,1658,0,1,141,0,0,1502
1492747305508,1502,HTTP Request,Non HTTP response code: org.apache.http.conn.ConnectTimeoutException,Non HTTP response message: Connect to 10.138.0.2:80 timed out,Thread Group 23-1,text,false,,1658,0,1,141,0,0,1502
1492747305511,1501,HTTP Request,Non HTTP response code: org.apache.http.conn.ConnectTimeoutException,Non HTTP response message: Connect to 10.138.0.2:80 timed out,Thread Group 12-1,text,false,,1658,0,1,141,0,0,1501
1492747305511,1501,HTTP Request,Non HTTP response code: org.apache.http.conn.ConnectTimeoutException,Non HTTP response message: Connect to 10.138.0.2:80 timed out,Thread Group 68-1,text,false,,1658,0,1,141,0,0,1501
1492747305512,1502,HTTP Request,Non HTTP response code: org.apache.http.conn.ConnectTimeoutException,Non HTTP response message: Connect to 10.138.0.2:80 timed out,Thread Group 54-1,text,false,,1658,0,1,141,0,0,1502
1492747305512,1502,HTTP Request,Non HTTP response code: org.apache.http.conn.ConnectTimeoutException,Non HTTP response message: Connect to 10.138.0.2:80 timed out,Thread Group 59-1,text,false,,1658,0,1,141,0,0,1502
1492747305514,1502,HTTP Request,Non HTTP response code: org.apache.http.conn.ConnectTimeoutException,Non HTTP response message: Connect to 10.138.0.2:80 timed out,Thread Group 61-1,text,false,,1658,0,1,141,0,0,1502
1492747305515,1501,HTTP Request,Non HTTP response code: org.apache.http.conn.ConnectTimeoutException,Non HTTP response message: Connect to 10.138.0.2:80 timed out,Thread Group 45-1,text,false,,1658,0,1,141,0,0,1501
1492747305516,1502,HTTP Request,Non HTTP response code: org.apache.http.conn.ConnectTimeoutException,Non HTTP response message: Connect to 10.138.0.2:80 timed out,Thread Group 33-1,text,false,,1658,0,1,141,0,0,1502
1492747305516,1502,HTTP Request,Non HTTP response code: org.apache.http.conn.ConnectTimeoutException,Non HTTP response message: Connect to 10.138.0.2:80 timed out,Thread Group 17-1,text,false,,1658,0,1,141,0,0,1502
1492747305518,1502,HTTP Request,Non HTTP response code: org.apache.http.conn.ConnectTimeoutException,Non HTTP response message: Connect to 10.138.0.2:80 timed out,Thread Group 82-1,text,false,,1658,0,1,141,0,0,1502
1492747305519,1501,HTTP Request,Non HTTP response code: org.apache.http.conn.ConnectTimeoutException,Non HTTP response message: Connect to 10.138.0.2:80 timed out,Thread Group 83-1,text,false,,1658,0,1,141,0,0,1501
1492747305520,1502,HTTP Request,Non HTTP response code: org.apache.http.conn.ConnectTimeoutException,Non HTTP response message: Connect to 10.138.0.2:80 timed out,Thread Group 85-1,text,false,,1658,0,1,141,0,0,1502
1492747305533,1502,HTTP Request,Non HTTP response code: org.apache.http.conn.ConnectTimeoutException,Non HTTP response message: Connect to 10.138.0.2:80 timed out,Thread Group 114-1,text,false,,1658,0,1,141,0,0,1502
1492747305533,1503,HTTP Request,Non HTTP response code: org.apache.http.conn.ConnectTimeoutException,Non HTTP response message: Connect to 10.138.0.2:80 timed out,Thread Group 111-1,text,false,,1658,0,1,141,0,0,1503
1492747305531,1505,HTTP Request,Non HTTP response code: org.apache.http.conn.ConnectTimeoutException,Non HTTP response message: Connect to 10.138.0.2:80 timed out,Thread Group 108-1,text,false,,1658,0,1,141,0,0,1505
1492747305530,1506,HTTP Request,Non HTTP response code: org.apache.http.conn.ConnectTimeoutException,Non HTTP response message: Connect to 10.138.0.2:80 timed out,Thread Group 107-1,text,false,,1658,0,1,141,0,0,1506
1492747305528,1512,HTTP Request,Non HTTP response code: org.apache.http.conn.ConnectTimeoutException,Non HTTP response message: Connect to 10.138.0.2:80 timed out,Thread Group 100-1,text,false,,1658,0,1,141,0,0,1512
1492747305536,1504,HTTP Request,Non HTTP response code: org.apache.http.conn.ConnectTimeoutException,Non HTTP response message: Connect to 10.138.0.2:80 timed out,Thread Group 119-1,text,false,,1658,0,1,141,0,0,1504
1492747305536,1504,HTTP Request,Non HTTP response code: org.apache.http.conn.ConnectTimeoutException,Non HTTP response message: Connect to 10.138.0.2:80 timed out,Thread Group 115-1,text,false,,1658,0,1,141,0,0,1504
1492747305528,1513,HTTP Request,Non HTTP response code: org.apache.http.conn.ConnectTimeoutException,Non HTTP response message: Connect to 10.138.0.2:80 timed out,Thread Group 87-1,text,false,,1658,0,1,141,0,0,1513
1492747305527,1514,HTTP Request,Non HTTP response code: org.apache.http.conn.ConnectTimeoutException,Non HTTP response message: Connect to 10.138.0.2:80 timed out,Thread Group 84-1,text,false,,1658,0,1,141,0,0,1514
1492747305527,1515,HTTP Request,Non HTTP response code: org.apache.http.conn.ConnectTimeoutException,Non HTTP response message: Connect to 10.138.0.2:80 timed out,Thread Group 98-1,text,false,,1658,0,1,141,0,0,1515
1492747305540,1502,HTTP Request,Non HTTP response code: org.apache.http.conn.ConnectTimeoutException,Non HTTP response message: Connect to 10.138.0.2:80 timed out,Thread Group 128-1,text,false,,1658,0,1,141,0,0,1502
1492747305540,1503,HTTP Request,Non HTTP response code: org.apache.http.conn.ConnectTimeoutException,Non HTTP response message: Connect to 10.138.0.2:80 timed out,Thread Group 125-1,text,false,,1658,0,1,141,0,0,1503
1492747305526,1517,HTTP Request,Non HTTP response code: org.apache.http.conn.ConnectTimeoutException,Non HTTP response message: Connect to 10.138.0.2:80 timed out,Thread Group 97-1,text,false,,1658,0,1,141,0,0,1517
1492747305542,1502,HTTP Request,Non HTTP response code: org.apache.http.conn.ConnectTimeoutException,Non HTTP response message: Connect to 10.138.0.2:80 timed out,Thread Group 133-1,text,false,,1658,0,1,141,0,0,1502
1492747305538,1501,HTTP Request,Non HTTP response code: org.apache.http.conn.ConnectTimeoutException,Non HTTP response message: Connect to 10.138.0.2:80 timed out,Thread Group 123-1,text,false,,1658,0,1,141,0,0,1501
1492747305525,1501,HTTP Request,Non HTTP response code: org.apache.http.conn.ConnectTimeoutException,Non HTTP response message: Connect to 10.138.0.2:80 timed out,Thread Group 89-1,text,false,,1658,0,1,141,0,0,1501
1492747305546,1502,HTTP Request,Non HTTP response code: org.apache.http.conn.ConnectTimeoutException,Non HTTP response message: Connect to 10.138.0.2:80 timed out,Thread Group 9-1,text,false,,1658,0,1,141,0,0,1502
1492747305524,1502,HTTP Request,Non HTTP response code: org.apache.http.conn.ConnectTimeoutException,Non HTTP response message: Connect to 10.138.0.2:80 timed out,Thread Group 92-1,text,false,,1658,0,1,141,0,0,1502
1492747305524,1502,HTTP Request,Non HTTP response code: org.apache.http.conn.ConnectTimeoutException,Non HTTP response message: Connect to 10.138.0.2:80 timed out,Thread Group 95-1,text,false,,1658,0,1,141,0,0,1502
1492747305545,1502,HTTP Request,Non HTTP response code: org.apache.http.conn.ConnectTimeoutException,Non HTTP response message: Connect to 10.138.0.2:80 timed out,Thread Group 137-1,text,false,,1658,0,1,141,0,0,1502
1492747305545,1502,HTTP Request,Non HTTP response code: org.apache.http.conn.ConnectTimeoutException,Non HTTP response message: Connect to 10.138.0.2:80 timed out,Thread Group 141-1,text,false,,1658,0,1,141,0,0,1502
1492747305525,1501,HTTP Request,Non HTTP response code: org.apache.http.conn.ConnectTimeoutException,Non HTTP response message: Connect to 10.138.0.2:80 timed out,Thread Group 91-1,text,false,,1658,0,1,141,0,0,1501
1492747305588,1502,HTTP Request,Non HTTP response code: org.apache.http.conn.ConnectTimeoutException,Non HTTP response message: Connect to 10.138.0.2:80 timed out,Thread Group 50-1,text,false,,1658,0,1,141,0,0,1502
1492747305589,1502,HTTP Request,Non HTTP response code: org.apache.http.conn.ConnectTimeoutException,Non HTTP response message: Connect to 10.138.0.2:80 timed out,Thread Group 112-1,text,false,,1658,0,1,141,0,0,1502
1492747305589,1503,HTTP Request,Non HTTP response code: org.apache.http.conn.ConnectTimeoutException,Non HTTP response message: Connect to 10.138.0.2:80 timed out,Thread Group 42-1,text,false,,1658,0,1,141,0,0,1503
1492747305620,1502,HTTP Request,Non HTTP response code: org.apache.http.conn.ConnectTimeoutException,Non HTTP response message: Connect to 10.138.0.2:80 timed out,Thread Group 64-1,text,false,,1658,0,1,141,0,0,1502
1492747305622,1500,HTTP Request,Non HTTP response code: org.apache.http.conn.ConnectTimeoutException,Non HTTP response message: Connect to 10.138.0.2:80 timed out,Thread Group 63-1,text,false,,1658,0,1,141,0,0,1500
1492747305621,1502,HTTP Request,Non HTTP response code: org.apache.http.conn.ConnectTimeoutException,Non HTTP response message: Connect to 10.138.0.2:80 timed out,Thread Group 37-1,text,false,,1658,0,1,141,0,0,1502
1492747305622,1502,HTTP Request,Non HTTP response code: org.apache.http.conn.ConnectTimeoutException,Non HTTP response message: Connect to 10.138.0.2:80 timed out,Thread Group 48-1,text,false,,1658,0,1,141,0,0,1502
1492747305623,1501,HTTP Request,Non HTTP response code: org.apache.http.conn.ConnectTimeoutException,Non HTTP response message: Connect to 10.138.0.2:80 timed out,Thread Group 56-1,text,false,,1658,0,1,141,0,0,1501
1492747305623,1501,HTTP Request,Non HTTP response code: org.apache.http.conn.ConnectTimeoutException,Non HTTP response message: Connect to 10.138.0.2:80 timed out,Thread Group 10-1,text,false,,1658,0,1,141,0,0,1501
1492747305624,1502,HTTP Request,Non HTTP response code: org.apache.http.conn.ConnectTimeoutException,Non HTTP response message: Connect to 10.138.0.2:80 timed out,Thread Group 47-1,text,false,,1658,0,1,141,0,0,1502
1492747305624,1502,HTTP Request,Non HTTP response code: org.apache.http.conn.ConnectTimeoutException,Non HTTP response message: Connect to 10.138.0.2:80 timed out,Thread Group 7-1,text,false,,1658,0,1,141,0,0,1502
1492747305626,1500,HTTP Request,Non HTTP response code: org.apache.http.conn.ConnectTimeoutException,Non HTTP response message: Connect to 10.138.0.2:80 timed out,Thread Group 6-1,text,false,,1658,0,1,141,0,0,1500
1492747305625,1502,HTTP Request,Non HTTP response code: org.apache.http.conn.ConnectTimeoutException,Non HTTP response message: Connect to 10.138.0.2:80 timed out,Thread Group 41-1,text,false,,1658,0,1,141,0,0,1502
1492747305625,1502,HTTP Request,Non HTTP response code: org.apache.http.conn.ConnectTimeoutException,Non HTTP response message: Connect to 10.138.0.2:80 timed out,Thread Group 72-1,text,false,,1658,0,1,141,0,0,1502
1492747305626,1502,HTTP Request,Non HTTP response code: org.apache.http.conn.ConnectTimeoutException,Non HTTP response message: Connect to 10.138.0.2:80 timed out,Thread Group 30-1,text,false,,1658,0,1,141,0,0,1502
1492747305627,1501,HTTP Request,Non HTTP response code: org.apache.http.conn.ConnectTimeoutException,Non HTTP response message: Connect to 10.138.0.2:80 timed out,Thread Group 44-1,text,false,,1658,0,1,141,0,0,1501
1492747305627,1501,HTTP Request,Non HTTP response code: org.apache.http.conn.ConnectTimeoutException,Non HTTP response message: Connect to 10.138.0.2:80 timed out,Thread Group 80-1,text,false,,1658,0,1,141,0,0,1501
1492747305628,1502,HTTP Request,Non HTTP response code: org.apache.http.conn.ConnectTimeoutException,Non HTTP response message: Connect to 10.138.0.2:80 timed out,Thread Group 90-1,text,false,,1658,0,1,141,0,0,1502
1492747305628,1502,HTTP Request,Non HTTP response code: org.apache.http.conn.ConnectTimeoutException,Non HTTP response message: Connect to 10.138.0.2:80 timed out,Thread Group 94-1,text,false,,1658,0,1,141,0,0,1502
1492747305629,1501,HTTP Request,Non HTTP response code: org.apache.http.conn.ConnectTimeoutException,Non HTTP response message: Connect to 10.138.0.2:80 timed out,Thread Group 99-1,text,false,,1658,0,1,141,0,0,1501
1492747305629,1502,HTTP Request,Non HTTP response code: org.apache.http.conn.ConnectTimeoutException,Non HTTP response message: Connect to 10.138.0.2:80 timed out,Thread Group 110-1,text,false,,1658,0,1,141,0,0,1502
1492747305631,1501,HTTP Request,Non HTTP response code: org.apache.http.conn.ConnectTimeoutException,Non HTTP response message: Connect to 10.138.0.2:80 timed out,Thread Group 127-1,text,false,,1658,0,1,141,0,0,1501
1492747305630,1502,HTTP Request,Non HTTP response code: org.apache.http.conn.ConnectTimeoutException,Non HTTP response message: Connect to 10.138.0.2:80 timed out,Thread Group 120-1,text,false,,1658,0,1,141,0,0,1502
1492747305631,1502,HTTP Request,Non HTTP response code: org.apache.http.conn.ConnectTimeoutException,Non HTTP response message: Connect to 10.138.0.2:80 timed out,Thread Group 130-1,text,false,,1658,0,1,141,0,0,1501
1492747305630,1501,HTTP Request,Non HTTP response code: org.apache.http.conn.ConnectTimeoutException,Non HTTP response message: Connect to 10.138.0.2:80 timed out,Thread Group 118-1,text,false,,1658,0,1,141,0,0,1501
1492747305632,1502,HTTP Request,Non HTTP response code: org.apache.http.conn.ConnectTimeoutException,Non HTTP response message: Connect to 10.138.0.2:80 timed out,Thread Group 134-1,text,false,,1658,0,1,141,0,0,1502
1492747305632,1502,HTTP Request,Non HTTP response code: org.apache.http.conn.ConnectTimeoutException,Non HTTP response message: Connect to 10.138.0.2:80 timed out,Thread Group 5-1,text,false,,1658,0,1,141,0,0,1502
1492747305633,1501,HTTP Request,Non HTTP response code: org.apache.http.conn.ConnectTimeoutException,Non HTTP response message: Connect to 10.138.0.2:80 timed out,Thread Group 34-1,text,false,,1658,0,1,141,0,0,1501
1492747305633,1502,HTTP Request,Non HTTP response code: org.apache.http.conn.ConnectTimeoutException,Non HTTP response message: Connect to 10.138.0.2:80 timed out,Thread Group 52-1,text,false,,1658,0,1,141,0,0,1502
1492747305634,1502,HTTP Request,Non HTTP response code: org.apache.http.conn.ConnectTimeoutException,Non HTTP response message: Connect to 10.138.0.2:80 timed out,Thread Group 35-1,text,false,,1658,0,1,141,0,0,1502
1492747305635,1501,HTTP Request,Non HTTP response code: org.apache.http.conn.ConnectTimeoutException,Non HTTP response message: Connect to 10.138.0.2:80 timed out,Thread Group 11-1,text,false,,1658,0,1,141,0,0,1501
1492747305635,1501,HTTP Request,Non HTTP response code: org.apache.http.conn.ConnectTimeoutException,Non HTTP response message: Connect to 10.138.0.2:80 timed out,Thread Group 76-1,text,false,,1658,0,1,141,0,0,1501
1492747305634,1501,HTTP Request,Non HTTP response code: org.apache.http.conn.ConnectTimeoutException,Non HTTP response message: Connect to 10.138.0.2:80 timed out,Thread Group 55-1,text,false,,1658,0,1,141,0,0,1501
1492747305636,1502,HTTP Request,Non HTTP response code: org.apache.http.conn.ConnectTimeoutException,Non HTTP response message: Connect to 10.138.0.2:80 timed out,Thread Group 53-1,text,false,,1658,0,1,141,0,0,1502
1492747305636,1502,HTTP Request,Non HTTP response code: org.apache.http.conn.ConnectTimeoutException,Non HTTP response message: Connect to 10.138.0.2:80 timed out,Thread Group 18-1,text,false,,1658,0,1,141,0,0,1502
1492747305637,1501,HTTP Request,Non HTTP response code: org.apache.http.conn.ConnectTimeoutException,Non HTTP response message: Connect to 10.138.0.2:80 timed out,Thread Group 60-1,text,false,,1658,0,1,141,0,0,1501
1492747305637,1502,HTTP Request,Non HTTP response code: org.apache.http.conn.ConnectTimeoutException,Non HTTP response message: Connect to 10.138.0.2:80 timed out,Thread Group 124-1,text,false,,1658,0,1,141,0,0,1502
1492747305638,1502,HTTP Request,Non HTTP response code: org.apache.http.conn.ConnectTimeoutException,Non HTTP response message: Connect to 10.138.0.2:80 timed out,Thread Group 70-1,text,false,,1658,0,1,141,0,0,1502
1492747305638,1502,HTTP Request,Non HTTP response code: org.apache.http.conn.ConnectTimeoutException,Non HTTP response message: Connect to 10.138.0.2:80 timed out,Thread Group 36-1,text,false,,1658,0,1,141,0,0,1502
1492747305639,1501,HTTP Request,Non HTTP response code: org.apache.http.conn.ConnectTimeoutException,Non HTTP response message: Connect to 10.138.0.2:80 timed out,Thread Group 96-1,text,false,,1658,0,1,141,0,0,1501
1492747305640,1502,HTTP Request,Non HTTP response code: org.apache.http.conn.ConnectTimeoutException,Non HTTP response message: Connect to 10.138.0.2:80 timed out,Thread Group 51-1,text,false,,1658,0,1,141,0,0,1502
1492747305640,1502,HTTP Request,Non HTTP response code: org.apache.http.conn.ConnectTimeoutException,Non HTTP response message: Connect to 10.138.0.2:80 timed out,Thread Group 66-1,text,false,,1658,0,1,141,0,0,1502
1492747305641,1501,HTTP Request,Non HTTP response code: org.apache.http.conn.ConnectTimeoutException,Non HTTP response message: Connect to 10.138.0.2:80 timed out,Thread Group 67-1,text,false,,1658,0,1,141,0,0,1501
1492747305641,1502,HTTP Request,Non HTTP response code: org.apache.http.conn.ConnectTimeoutException,Non HTTP response message: Connect to 10.138.0.2:80 timed out,Thread Group 58-1,text,false,,1658,0,1,141,0,0,1502
1492747305642,1502,HTTP Request,Non HTTP response code: org.apache.http.conn.ConnectTimeoutException,Non HTTP response message: Connect to 10.138.0.2:80 timed out,Thread Group 75-1,text,false,,1658,0,1,141,0,0,1502
1492747305642,1502,HTTP Request,Non HTTP response code: org.apache.http.conn.ConnectTimeoutException,Non HTTP response message: Connect to 10.138.0.2:80 timed out,Thread Group 15-1,text,false,,1658,0,1,141,0,0,1502
1492747305642,1503,HTTP Request,Non HTTP response code: org.apache.http.conn.ConnectTimeoutException,Non HTTP response message: Connect to 10.138.0.2:80 timed out,Thread Group 131-1,text,false,,1658,0,1,141,0,0,1503
1492747305643,1503,HTTP Request,Non HTTP response code: org.apache.http.conn.ConnectTimeoutException,Non HTTP response message: Connect to 10.138.0.2:80 timed out,Thread Group 81-1,text,false,,1658,0,1,141,0,0,1503
1492747305643,1503,HTTP Request,Non HTTP response code: org.apache.http.conn.ConnectTimeoutException,Non HTTP response message: Connect to 10.138.0.2:80 timed out,Thread Group 21-1,text,false,,1658,0,1,141,0,0,1503
1492747305639,1507,HTTP Request,Non HTTP response code: org.apache.http.conn.ConnectTimeoutException,Non HTTP response message: Connect to 10.138.0.2:80 timed out,Thread Group 138-1,text,false,,1658,0,1,141,0,0,1507
1492747305654,1502,HTTP Request,Non HTTP response code: org.apache.http.conn.ConnectTimeoutException,Non HTTP response message: Connect to 10.138.0.2:80 timed out,Thread Group 27-1,text,false,,1658,0,1,141,0,0,1502
1492747305654,1502,HTTP Request,Non HTTP response code: org.apache.http.conn.ConnectTimeoutException,Non HTTP response message: Connect to 10.138.0.2:80 timed out,Thread Group 105-1,text,false,,1658,0,1,141,0,0,1502
1492747305656,1502,HTTP Request,Non HTTP response code: org.apache.http.conn.ConnectTimeoutException,Non HTTP response message: Connect to 10.138.0.2:80 timed out,Thread Group 139-1,text,false,,1658,0,1,141,0,0,1502
1492747305656,1502,HTTP Request,Non HTTP response code: org.apache.http.conn.ConnectTimeoutException,Non HTTP response message: Connect to 10.138.0.2:80 timed out,Thread Group 88-1,text,false,,1658,0,1,141,0,0,1502
1492747305657,1502,HTTP Request,Non HTTP response code: org.apache.http.conn.ConnectTimeoutException,Non HTTP response message: Connect to 10.138.0.2:80 timed out,Thread Group 116-1,text,false,,1658,0,1,141,0,0,1502
1492747305657,1502,HTTP Request,Non HTTP response code: org.apache.http.conn.ConnectTimeoutException,Non HTTP response message: Connect to 10.138.0.2:80 timed out,Thread Group 140-1,text,false,,1658,0,1,141,0,0,1502
1492747305658,1502,HTTP Request,Non HTTP response code: org.apache.http.conn.ConnectTimeoutException,Non HTTP response message: Connect to 10.138.0.2:80 timed out,Thread Group 14-1,text,false,,1658,0,1,141,0,0,1502
1492747305659,1501,HTTP Request,Non HTTP response code: org.apache.http.conn.ConnectTimeoutException,Non HTTP response message: Connect to 10.138.0.2:80 timed out,Thread Group 132-1,text,false,,1658,0,1,141,0,0,1501
1492747305659,1501,HTTP Request,Non HTTP response code: org.apache.http.conn.ConnectTimeoutException,Non HTTP response message: Connect to 10.138.0.2:80 timed out,Thread Group 93-1,text,false,,1658,0,1,141,0,0,1501
1492747305660,1502,HTTP Request,Non HTTP response code: org.apache.http.conn.ConnectTimeoutException,Non HTTP response message: Connect to 10.138.0.2:80 timed out,Thread Group 43-1,text,false,,1658,0,1,141,0,0,1502
1492747305660,1502,HTTP Request,Non HTTP response code: org.apache.http.conn.ConnectTimeoutException,Non HTTP response message: Connect to 10.138.0.2:80 timed out,Thread Group 32-1,text,false,,1658,0,1,141,0,0,1502
1492747305661,1501,HTTP Request,Non HTTP response code: org.apache.http.conn.ConnectTimeoutException,Non HTTP response message: Connect to 10.138.0.2:80 timed out,Thread Group 79-1,text,false,,1658,0,1,141,0,0,1501
1492747305661,1502,HTTP Request,Non HTTP response code: org.apache.http.conn.ConnectTimeoutException,Non HTTP response message: Connect to 10.138.0.2:80 timed out,Thread Group 46-1,text,false,,1658,0,1,141,0,0,1502
1492747305662,1502,HTTP Request,Non HTTP response code: org.apache.http.conn.ConnectTimeoutException,Non HTTP response message: Connect to 10.138.0.2:80 timed out,Thread Group 40-1,text,false,,1658,0,1,141,0,0,1502
1492747305662,1502,HTTP Request,Non HTTP response code: org.apache.http.conn.ConnectTimeoutException,Non HTTP response message: Connect to 10.138.0.2:80 timed out,Thread Group 121-1,text,false,,1658,0,1,141,0,0,1502
1492747305663,1501,HTTP Request,Non HTTP response code: org.apache.http.conn.ConnectTimeoutException,Non HTTP response message: Connect to 10.138.0.2:80 timed out,Thread Group 19-1,text,false,,1658,0,1,141,0,0,1501
1492747305663,1502,HTTP Request,Non HTTP response code: org.apache.http.conn.ConnectTimeoutException,Non HTTP response message: Connect to 10.138.0.2:80 timed out,Thread Group 106-1,text,false,,1658,0,1,141,0,0,1502
1492747305664,1502,HTTP Request,Non HTTP response code: org.apache.http.conn.ConnectTimeoutException,Non HTTP response message: Connect to 10.138.0.2:80 timed out,Thread Group 8-1,text,false,,1658,0,1,141,0,0,1502
1492747305664,1502,HTTP Request,Non HTTP response code: org.apache.http.conn.ConnectTimeoutException,Non HTTP response message: Connect to 10.138.0.2:80 timed out,Thread Group 49-1,text,false,,1658,0,1,141,0,0,1502
1492747305665,1501,HTTP Request,Non HTTP response code: org.apache.http.conn.ConnectTimeoutException,Non HTTP response message: Connect to 10.138.0.2:80 timed out,Thread Group 86-1,text,false,,1658,0,1,141,0,0,1501
1492747305665,1502,HTTP Request,Non HTTP response code: org.apache.http.conn.ConnectTimeoutException,Non HTTP response message: Connect to 10.138.0.2:80 timed out,Thread Group 16-1,text,false,,1658,0,1,141,0,0,1502
1492747305666,1502,HTTP Request,Non HTTP response code: org.apache.http.conn.ConnectTimeoutException,Non HTTP response message: Connect to 10.138.0.2:80 timed out,Thread Group 73-1,text,false,,1658,0,1,141,0,0,1502
1492747305667,1501,HTTP Request,Non HTTP response code: org.apache.http.conn.ConnectTimeoutException,Non HTTP response message: Connect to 10.138.0.2:80 timed out,Thread Group 4-1,text,false,,1658,0,1,141,0,0,1501
1492747305667,1501,HTTP Request,Non HTTP response code: org.apache.http.conn.ConnectTimeoutException,Non HTTP response message: Connect to 10.138.0.2:80 timed out,Thread Group 129-1,text,false,,1658,0,1,141,0,0,1501
1492747305666,1501,HTTP Request,Non HTTP response code: org.apache.http.conn.ConnectTimeoutException,Non HTTP response message: Connect to 10.138.0.2:80 timed out,Thread Group 71-1,text,false,,1658,0,1,141,0,0,1501
1492747305668,1502,HTTP Request,Non HTTP response code: org.apache.http.conn.ConnectTimeoutException,Non HTTP response message: Connect to 10.138.0.2:80 timed out,Thread Group 109-1,text,false,,1658,0,1,141,0,0,1502
1492747305668,1502,HTTP Request,Non HTTP response code: org.apache.http.conn.ConnectTimeoutException,Non HTTP response message: Connect to 10.138.0.2:80 timed out,Thread Group 126-1,text,false,,1658,0,1,141,0,0,1502
1492747305669,1501,HTTP Request,Non HTTP response code: org.apache.http.conn.ConnectTimeoutException,Non HTTP response message: Connect to 10.138.0.2:80 timed out,Thread Group 29-1,text,false,,1658,0,1,141,0,0,1501
1492747305670,1501,HTTP Request,Non HTTP response code: org.apache.http.conn.ConnectTimeoutException,Non HTTP response message: Connect to 10.138.0.2:80 timed out,Thread Group 117-1,text,false,,1658,0,1,141,0,0,1501
1492747305669,1502,HTTP Request,Non HTTP response code: org.apache.http.conn.ConnectTimeoutException,Non HTTP response message: Connect to 10.138.0.2:80 timed out,Thread Group 31-1,text,false,,1658,0,1,141,0,0,1502
1492747305670,1502,HTTP Request,Non HTTP response code: org.apache.http.conn.ConnectTimeoutException,Non HTTP response message: Connect to 10.138.0.2:80 timed out,Thread Group 26-1,text,false,,1658,0,1,141,0,0,1502
1492747305671,1501,HTTP Request,Non HTTP response code: org.apache.http.conn.ConnectTimeoutException,Non HTTP response message: Connect to 10.138.0.2:80 timed out,Thread Group 28-1,text,false,,1658,0,1,141,0,0,1501
1492747305671,1501,HTTP Request,Non HTTP response code: org.apache.http.conn.ConnectTimeoutException,Non HTTP response message: Connect to 10.138.0.2:80 timed out,Thread Group 13-1,text,false,,1658,0,1,141,0,0,1501
1492747305672,1502,HTTP Request,Non HTTP response code: org.apache.http.conn.ConnectTimeoutException,Non HTTP response message: Connect to 10.138.0.2:80 timed out,Thread Group 122-1,text,false,,1658,0,1,141,0,0,1502
1492747305672,1502,HTTP Request,Non HTTP response code: org.apache.http.conn.ConnectTimeoutException,Non HTTP response message: Connect to 10.138.0.2:80 timed out,Thread Group 113-1,text,false,,1658,0,1,141,0,0,1502
1492747305673,1501,HTTP Request,Non HTTP response code: org.apache.http.conn.ConnectTimeoutException,Non HTTP response message: Connect to 10.138.0.2:80 timed out,Thread Group 25-1,text,false,,1658,0,1,141,0,0,1501
1492747305673,1502,HTTP Request,Non HTTP response code: org.apache.http.conn.ConnectTimeoutException,Non HTTP response message: Connect to 10.138.0.2:80 timed out,Thread Group 78-1,text,false,,1658,0,1,141,0,0,1502
1492747305673,1502,HTTP Request,Non HTTP response code: org.apache.http.conn.ConnectTimeoutException,Non HTTP response message: Connect to 10.138.0.2:80 timed out,Thread Group 135-1,text,false,,1658,0,1,141,0,0,1502
1492747305674,1502,HTTP Request,Non HTTP response code: org.apache.http.conn.ConnectTimeoutException,Non HTTP response message: Connect to 10.138.0.2:80 timed out,Thread Group 136-1,text,false,,1658,0,1,141,0,0,1502
1492747305674,1502,HTTP Request,Non HTTP response code: org.apache.http.conn.ConnectTimeoutException,Non HTTP response message: Connect to 10.138.0.2:80 timed out,Thread Group 22-1,text,false,,1658,0,1,141,0,0,1502
1492747305036,2502,HTTP Request,Non HTTP response code: java.net.SocketTimeoutException,Non HTTP response message: Read timed out,Thread Group 103-1,text,false,,2690,0,1,141,0,0,1000
1492747306183,1503,HTTP Request,Non HTTP response code: java.net.SocketTimeoutException,Non HTTP response message: Read timed out,Thread Group 102-1,text,false,,2690,0,1,141,0,0,1
1492747305419,2499,HTTP Request,Non HTTP response code: java.net.SocketTimeoutException,Non HTTP response message: Read timed out,Thread Group 101-1,text,false,,2690,0,1,141,0,0,997
1492747305503,2499,HTTP Request,Non HTTP response code: java.net.SocketTimeoutException,Non HTTP response message: Read timed out,Thread Group 74-1,text,false,,2690,0,1,141,0,0,997
1492747305619,2499,HTTP Request,Non HTTP response code: java.net.SocketTimeoutException,Non HTTP response message: Read timed out,Thread Group 69-1,text,false,,2690,0,1,141,0,0,997
1492747305618,2501,HTTP Request,Non HTTP response code: java.net.SocketTimeoutException,Non HTTP response message: Read timed out,Thread Group 2-1,text,false,,2690,0,1,141,0,0,998
1492747305619,2500,HTTP Request,Non HTTP response code: java.net.SocketTimeoutException,Non HTTP response message: Read timed out,Thread Group 57-1,text,false,,2690,0,1,141,0,0,998
1492747307004,1502,HTTP Request,Non HTTP response code: org.apache.http.conn.ConnectTimeoutException,Non HTTP response message: Connect to 10.138.0.2:80 timed out,Thread Group 1-1,text,false,,1658,0,1,141,0,0,1502
1492747307004,1503,HTTP Request,Non HTTP response code: org.apache.http.conn.ConnectTimeoutException,Non HTTP response message: Connect to 10.138.0.2:80 timed out,Thread Group 77-1,text,false,,1658,0,1,141,0,0,1503
1492747307006,1502,HTTP Request,Non HTTP response code: org.apache.http.conn.ConnectTimeoutException,Non HTTP response message: Connect to 10.138.0.2:80 timed out,Thread Group 39-1,text,false,,1658,0,1,141,0,0,1502
1492747307006,1502,HTTP Request,Non HTTP response code: org.apache.http.conn.ConnectTimeoutException,Non HTTP response message: Connect to 10.138.0.2:80 timed out,Thread Group 20-1,text,false,,1658,0,1,141,0,0,1502
1492747307008,1502,HTTP Request,Non HTTP response code: org.apache.http.conn.ConnectTimeoutException,Non HTTP response message: Connect to 10.138.0.2:80 timed out,Thread Group 3-1,text,false,,1658,0,1,141,0,0,1502
1492747307008,1502,HTTP Request,Non HTTP response code: org.apache.http.conn.ConnectTimeoutException,Non HTTP response message: Connect to 10.138.0.2:80 timed out,Thread Group 24-1,text,false,,1658,0,1,141,0,0,1502
1492747307010,1502,HTTP Request,Non HTTP response code: org.apache.http.conn.ConnectTimeoutException,Non HTTP response message: Connect to 10.138.0.2:80 timed out,Thread Group 38-1,text,false,,1658,0,1,141,0,0,1502
1492747307010,1502,HTTP Request,Non HTTP response code: org.apache.http.conn.ConnectTimeoutException,Non HTTP response message: Connect to 10.138.0.2:80 timed out,Thread Group 23-1,text,false,,1658,0,1,141,0,0,1502
1492747307012,1502,HTTP Request,Non HTTP response code: org.apache.http.conn.ConnectTimeoutException,Non HTTP response message: Connect to 10.138.0.2:80 timed out,Thread Group 12-1,text,false,,1658,0,1,141,0,0,1502
1492747307012,1502,HTTP Request,Non HTTP response code: org.apache.http.conn.ConnectTimeoutException,Non HTTP response message: Connect to 10.138.0.2:80 timed out,Thread Group 68-1,text,false,,1658,0,1,141,0,0,1502
1492747307014,1502,HTTP Request,Non HTTP response code: org.apache.http.conn.ConnectTimeoutException,Non HTTP response message: Connect to 10.138.0.2:80 timed out,Thread Group 54-1,text,false,,1658,0,1,141,0,0,1502
1492747307014,1502,HTTP Request,Non HTTP response code: org.apache.http.conn.ConnectTimeoutException,Non HTTP response message: Connect to 10.138.0.2:80 timed out,Thread Group 59-1,text,false,,1658,0,1,141,0,0,1502
1492747307016,1502,HTTP Request,Non HTTP response code: org.apache.http.conn.ConnectTimeoutException,Non HTTP response message: Connect to 10.138.0.2:80 timed out,Thread Group 61-1,text,false,,1658,0,1,141,0,0,1502
1492747307016,1502,HTTP Request,Non HTTP response code: org.apache.http.conn.ConnectTimeoutException,Non HTTP response message: Connect to 10.138.0.2:80 timed out,Thread Group 45-1,text,false,,1658,0,1,141,0,0,1502
1492747307018,1502,HTTP Request,Non HTTP response code: org.apache.http.conn.ConnectTimeoutException,Non HTTP response message: Connect to 10.138.0.2:80 timed out,Thread Group 33-1,text,false,,1658,0,1,141,0,0,1502
1492747307018,1502,HTTP Request,Non HTTP response code: org.apache.http.conn.ConnectTimeoutException,Non HTTP response message: Connect to 10.138.0.2:80 timed out,Thread Group 17-1,text,false,,1658,0,1,141,0,0,1502
1492747307020,1502,HTTP Request,Non HTTP response code: org.apache.http.conn.ConnectTimeoutException,Non HTTP response message: Connect to 10.138.0.2:80 timed out,Thread Group 82-1,text,false,,1658,0,1,141,0,0,1502
1492747307020,1502,HTTP Request,Non HTTP response code: org.apache.http.conn.ConnectTimeoutException,Non HTTP response message: Connect to 10.138.0.2:80 timed out,Thread Group 83-1,text,false,,1658,0,1,141,0,0,1502
1492747307022,1502,HTTP Request,Non HTTP response code: org.apache.http.conn.ConnectTimeoutException,Non HTTP response message: Connect to 10.138.0.2:80 timed out,Thread Group 85-1,text,false,,1658,0,1,141,0,0,1502
1492747307035,1501,HTTP Request,Non HTTP response code: org.apache.http.conn.ConnectTimeoutException,Non HTTP response message: Connect to 10.138.0.2:80 timed out,Thread Group 114-1,text,false,,1658,0,1,141,0,0,1501
1492747307037,1500,HTTP Request,Non HTTP response code: org.apache.http.conn.ConnectTimeoutException,Non HTTP response message: Connect to 10.138.0.2:80 timed out,Thread Group 107-1,text,false,,1658,0,1,141,0,0,1500
1492747307036,1502,HTTP Request,Non HTTP response code: org.apache.http.conn.ConnectTimeoutException,Non HTTP response message: Connect to 10.138.0.2:80 timed out,Thread Group 111-1,text,false,,1658,0,1,141,0,0,1502
1492747307036,1502,HTTP Request,Non HTTP response code: org.apache.http.conn.ConnectTimeoutException,Non HTTP response message: Connect to 10.138.0.2:80 timed out,Thread Group 108-1,text,false,,1658,0,1,141,0,0,1502
1492747307040,1502,HTTP Request,Non HTTP response code: org.apache.http.conn.ConnectTimeoutException,Non HTTP response message: Connect to 10.138.0.2:80 timed out,Thread Group 100-1,text,false,,1658,0,1,141,0,0,1502
1492747307040,1502,HTTP Request,Non HTTP response code: org.apache.http.conn.ConnectTimeoutException,Non HTTP response message: Connect to 10.138.0.2:80 timed out,Thread Group 119-1,text,false,,1658,0,1,141,0,0,1502
1492747307041,1501,HTTP Request,Non HTTP response code: org.apache.http.conn.ConnectTimeoutException,Non HTTP response message: Connect to 10.138.0.2:80 timed out,Thread Group 115-1,text,false,,1658,0,1,141,0,0,1501
1492747307041,1502,HTTP Request,Non HTTP response code: org.apache.http.conn.ConnectTimeoutException,Non HTTP response message: Connect to 10.138.0.2:80 timed out,Thread Group 87-1,text,false,,1658,0,1,141,0,0,1502
1492747307042,1502,HTTP Request,Non HTTP response code: org.apache.http.conn.ConnectTimeoutException,Non HTTP response message: Connect to 10.138.0.2:80 timed out,Thread Group 84-1,text,false,,1658,0,1,141,0,0,1502
1492747307042,1502,HTTP Request,Non HTTP response code: org.apache.http.conn.ConnectTimeoutException,Non HTTP response message: Connect to 10.138.0.2:80 timed out,Thread Group 98-1,text,false,,1658,0,1,141,0,0,1502
1492747307042,1502,HTTP Request,Non HTTP response code: org.apache.http.conn.ConnectTimeoutException,Non HTTP response message: Connect to 10.138.0.2:80 timed out,Thread Group 128-1,text,false,,1658,0,1,141,0,0,1502
1492747307043,1502,HTTP Request,Non HTTP response code: org.apache.http.conn.ConnectTimeoutException,Non HTTP response message: Connect to 10.138.0.2:80 timed out,Thread Group 125-1,text,false,,1658,0,1,141,0,0,1502
1492747307043,1502,HTTP Request,Non HTTP response code: org.apache.http.conn.ConnectTimeoutException,Non HTTP response message: Connect to 10.138.0.2:80 timed out,Thread Group 97-1,text,false,,1658,0,1,141,0,0,1502
1492747307044,1502,HTTP Request,Non HTTP response code: org.apache.http.conn.ConnectTimeoutException,Non HTTP response message: Connect to 10.138.0.2:80 timed out,Thread Group 133-1,text,false,,1658,0,1,141,0,0,1502
1492747307044,1502,HTTP Request,Non HTTP response code: org.apache.http.conn.ConnectTimeoutException,Non HTTP response message: Connect to 10.138.0.2:80 timed out,Thread Group 123-1,text,false,,1658,0,1,141,0,0,1502
1492747307091,1502,HTTP Request,Non HTTP response code: org.apache.http.conn.ConnectTimeoutException,Non HTTP response message: Connect to 10.138.0.2:80 timed out,Thread Group 50-1,text,false,,1658,0,1,141,0,0,1502
1492747307092,1502,HTTP Request,Non HTTP response code: org.apache.http.conn.ConnectTimeoutException,Non HTTP response message: Connect to 10.138.0.2:80 timed out,Thread Group 42-1,text,false,,1658,0,1,141,0,0,1502
1492747307091,1503,HTTP Request,Non HTTP response code: org.apache.http.conn.ConnectTimeoutException,Non HTTP response message: Connect to 10.138.0.2:80 timed out,Thread Group 112-1,text,false,,1658,0,1,141,0,0,1503
1492747307122,1502,HTTP Request,Non HTTP response code: org.apache.http.conn.ConnectTimeoutException,Non HTTP response message: Connect to 10.138.0.2:80 timed out,Thread Group 64-1,text,false,,1658,0,1,141,0,0,1502
1492747307123,1502,HTTP Request,Non HTTP response code: org.apache.http.conn.ConnectTimeoutException,Non HTTP response message: Connect to 10.138.0.2:80 timed out,Thread Group 63-1,text,false,,1658,0,1,141,0,0,1502
1492747307123,1502,HTTP Request,Non HTTP response code: org.apache.http.conn.ConnectTimeoutException,Non HTTP response message: Connect to 10.138.0.2:80 timed out,Thread Group 37-1,text,false,,1658,0,1,141,0,0,1502
1492747307124,1502,HTTP Request,Non HTTP response code: org.apache.http.conn.ConnectTimeoutException,Non HTTP response message: Connect to 10.138.0.2:80 timed out,Thread Group 48-1,text,false,,1658,0,1,141,0,0,1502
1492747307124,1502,HTTP Request,Non HTTP response code: org.apache.http.conn.ConnectTimeoutException,Non HTTP response message: Connect to 10.138.0.2:80 timed out,Thread Group 56-1,text,false,,1658,0,1,141,0,0,1502
1492747307125,1501,HTTP Request,Non HTTP response code: org.apache.http.conn.ConnectTimeoutException,Non HTTP response message: Connect to 10.138.0.2:80 timed out,Thread Group 10-1,text,false,,1658,0,1,141,0,0,1501
1492747307126,1502,HTTP Request,Non HTTP response code: org.apache.http.conn.ConnectTimeoutException,Non HTTP response message: Connect to 10.138.0.2:80 timed out,Thread Group 7-1,text,false,,1658,0,1,141,0,0,1502
1492747307127,1501,HTTP Request,Non HTTP response code: org.apache.http.conn.ConnectTimeoutException,Non HTTP response message: Connect to 10.138.0.2:80 timed out,Thread Group 6-1,text,false,,1658,0,1,141,0,0,1501
1492747307127,1501,HTTP Request,Non HTTP response code: org.apache.http.conn.ConnectTimeoutException,Non HTTP response message: Connect to 10.138.0.2:80 timed out,Thread Group 41-1,text,false,,1658,0,1,141,0,0,1501
1492747307126,1503,HTTP Request,Non HTTP response code: org.apache.http.conn.ConnectTimeoutException,Non HTTP response message: Connect to 10.138.0.2:80 timed out,Thread Group 47-1,text,false,,1658,0,1,141,0,0,1503
1492747307128,1502,HTTP Request,Non HTTP response code: org.apache.http.conn.ConnectTimeoutException,Non HTTP response message: Connect to 10.138.0.2:80 timed out,Thread Group 30-1,text,false,,1658,0,1,141,0,0,1502
1492747307128,1502,HTTP Request,Non HTTP response code: org.apache.http.conn.ConnectTimeoutException,Non HTTP response message: Connect to 10.138.0.2:80 timed out,Thread Group 44-1,text,false,,1658,0,1,141,0,0,1502
1492747307129,1501,HTTP Request,Non HTTP response code: org.apache.http.conn.ConnectTimeoutException,Non HTTP response message: Connect to 10.138.0.2:80 timed out,Thread Group 80-1,text,false,,1658,0,1,141,0,0,1501
1492747307130,1502,HTTP Request,Non HTTP response code: org.apache.http.conn.ConnectTimeoutException,Non HTTP response message: Connect to 10.138.0.2:80 timed out,Thread Group 94-1,text,false,,1658,0,1,141,0,0,1502
1492747307131,1501,HTTP Request,Non HTTP response code: org.apache.http.conn.ConnectTimeoutException,Non HTTP response message: Connect to 10.138.0.2:80 timed out,Thread Group 99-1,text,false,,1658,0,1,141,0,0,1501
1492747307131,1502,HTTP Request,Non HTTP response code: org.apache.http.conn.ConnectTimeoutException,Non HTTP response message: Connect to 10.138.0.2:80 timed out,Thread Group 110-1,text,false,,1658,0,1,141,0,0,1502
1492747307127,1506,HTTP Request,Non HTTP response code: org.apache.http.conn.ConnectTimeoutException,Non HTTP response message: Connect to 10.138.0.2:80 timed out,Thread Group 72-1,text,false,,1658,0,1,141,0,0,1506
1492747307133,1503,HTTP Request,Non HTTP response code: org.apache.http.conn.ConnectTimeoutException,Non HTTP response message: Connect to 10.138.0.2:80 timed out,Thread Group 130-1,text,false,,1658,0,1,141,0,0,1503
1492747307132,1504,HTTP Request,Non HTTP response code: org.apache.http.conn.ConnectTimeoutException,Non HTTP response message: Connect to 10.138.0.2:80 timed out,Thread Group 127-1,text,false,,1658,0,1,141,0,0,1504
1492747307132,1504,HTTP Request,Non HTTP response code: org.apache.http.conn.ConnectTimeoutException,Non HTTP response message: Connect to 10.138.0.2:80 timed out,Thread Group 120-1,text,false,,1658,0,1,141,0,0,1504
1492747307133,1504,HTTP Request,Non HTTP response code: org.apache.http.conn.ConnectTimeoutException,Non HTTP response message: Connect to 10.138.0.2:80 timed out,Thread Group 118-1,text,false,,1658,0,1,141,0,0,1504
1492747307134,1503,HTTP Request,Non HTTP response code: org.apache.http.conn.ConnectTimeoutException,Non HTTP response message: Connect to 10.138.0.2:80 timed out,Thread Group 5-1,text,false,,1658,0,1,141,0,0,1503
1492747307135,1503,HTTP Request,Non HTTP response code: org.apache.http.conn.ConnectTimeoutException,Non HTTP response message: Connect to 10.138.0.2:80 timed out,Thread Group 34-1,text,false,,1658,0,1,141,0,0,1503
1492747307135,1503,HTTP Request,Non HTTP response code: org.apache.http.conn.ConnectTimeoutException,Non HTTP response message: Connect to 10.138.0.2:80 timed out,Thread Group 52-1,text,false,,1658,0,1,141,0,0,1503
1492747307136,1502,HTTP Request,Non HTTP response code: org.apache.http.conn.ConnectTimeoutException,Non HTTP response message: Connect to 10.138.0.2:80 timed out,Thread Group 35-1,text,false,,1658,0,1,141,0,0,1502
1492747307136,1503,HTTP Request,Non HTTP response code: org.apache.http.conn.ConnectTimeoutException,Non HTTP response message: Connect to 10.138.0.2:80 timed out,Thread Group 11-1,text,false,,1658,0,1,141,0,0,1503
1492747307137,1502,HTTP Request,Non HTTP response code: org.apache.http.conn.ConnectTimeoutException,Non HTTP response message: Connect to 10.138.0.2:80 timed out,Thread Group 76-1,text,false,,1658,0,1,141,0,0,1502
1492747307138,1502,HTTP Request,Non HTTP response code: org.apache.http.conn.ConnectTimeoutException,Non HTTP response message: Connect to 10.138.0.2:80 timed out,Thread Group 53-1,text,false,,1658,0,1,141,0,0,1502
1492747307138,1502,HTTP Request,Non HTTP response code: org.apache.http.conn.ConnectTimeoutException,Non HTTP response message: Connect to 10.138.0.2:80 timed out,Thread Group 18-1,text,false,,1658,0,1,141,0,0,1502
1492747307139,1501,HTTP Request,Non HTTP response code: org.apache.http.conn.ConnectTimeoutException,Non HTTP response message: Connect to 10.138.0.2:80 timed out,Thread Group 60-1,text,false,,1658,0,1,141,0,0,1501
1492747307139,1502,HTTP Request,Non HTTP response code: org.apache.http.conn.ConnectTimeoutException,Non HTTP response message: Connect to 10.138.0.2:80 timed out,Thread Group 124-1,text,false,,1658,0,1,141,0,0,1502
1492747307134,1507,HTTP Request,Non HTTP response code: org.apache.http.conn.ConnectTimeoutException,Non HTTP response message: Connect to 10.138.0.2:80 timed out,Thread Group 134-1,text,false,,1658,0,1,141,0,0,1507
1492747307140,1502,HTTP Request,Non HTTP response code: org.apache.http.conn.ConnectTimeoutException,Non HTTP response message: Connect to 10.138.0.2:80 timed out,Thread Group 70-1,text,false,,1658,0,1,141,0,0,1502
1492747307140,1502,HTTP Request,Non HTTP response code: org.apache.http.conn.ConnectTimeoutException,Non HTTP response message: Connect to 10.138.0.2:80 timed out,Thread Group 36-1,text,false,,1658,0,1,141,0,0,1502
1492747307141,1501,HTTP Request,Non HTTP response code: org.apache.http.conn.ConnectTimeoutException,Non HTTP response message: Connect to 10.138.0.2:80 timed out,Thread Group 96-1,text,false,,1658,0,1,141,0,0,1501
1492747307130,1513,HTTP Request,Non HTTP response code: org.apache.http.conn.ConnectTimeoutException,Non HTTP response message: Connect to 10.138.0.2:80 timed out,Thread Group 90-1,text,false,,1658,0,1,141,0,0,1513
1492747307137,1502,HTTP Request,Non HTTP response code: org.apache.http.conn.ConnectTimeoutException,Non HTTP response message: Connect to 10.138.0.2:80 timed out,Thread Group 55-1,text,false,,1658,0,1,141,0,0,1502
1492747307142,1502,HTTP Request,Non HTTP response code: org.apache.http.conn.ConnectTimeoutException,Non HTTP response message: Connect to 10.138.0.2:80 timed out,Thread Group 66-1,text,false,,1658,0,1,141,0,0,1502
1492747307143,1501,HTTP Request,Non HTTP response code: org.apache.http.conn.ConnectTimeoutException,Non HTTP response message: Connect to 10.138.0.2:80 timed out,Thread Group 67-1,text,false,,1658,0,1,141,0,0,1501
1492747307143,1501,HTTP Request,Non HTTP response code: org.apache.http.conn.ConnectTimeoutException,Non HTTP response message: Connect to 10.138.0.2:80 timed out,Thread Group 58-1,text,false,,1658,0,1,141,0,0,1501
1492747307144,1502,HTTP Request,Non HTTP response code: org.apache.http.conn.ConnectTimeoutException,Non HTTP response message: Connect to 10.138.0.2:80 timed out,Thread Group 75-1,text,false,,1658,0,1,141,0,0,1502
1492747307145,1503,HTTP Request,Non HTTP response code: org.apache.http.conn.ConnectTimeoutException,Non HTTP response message: Connect to 10.138.0.2:80 timed out,Thread Group 15-1,text,false,,1658,0,1,141,0,0,1503
1492747307146,1502,HTTP Request,Non HTTP response code: org.apache.http.conn.ConnectTimeoutException,Non HTTP response message: Connect to 10.138.0.2:80 timed out,Thread Group 138-1,text,false,,1658,0,1,141,0,0,1502
1492747307146,1503,HTTP Request,Non HTTP response code: org.apache.http.conn.ConnectTimeoutException,Non HTTP response message: Connect to 10.138.0.2:80 timed out,Thread Group 21-1,text,false,,1658,0,1,141,0,0,1503
1492747307146,1503,HTTP Request,Non HTTP response code: org.apache.http.conn.ConnectTimeoutException,Non HTTP response message: Connect to 10.138.0.2:80 timed out,Thread Group 81-1,text,false,,1658,0,1,141,0,0,1503
1492747307145,1505,HTTP Request,Non HTTP response code: org.apache.http.conn.ConnectTimeoutException,Non HTTP response message: Connect to 10.138.0.2:80 timed out,Thread Group 131-1,text,false,,1658,0,1,141,0,0,1505
1492747307142,1508,HTTP Request,Non HTTP response code: org.apache.http.conn.ConnectTimeoutException,Non HTTP response message: Connect to 10.138.0.2:80 timed out,Thread Group 51-1,text,false,,1658,0,1,141,0,0,1508
1492747307156,1502,HTTP Request,Non HTTP response code: org.apache.http.conn.ConnectTimeoutException,Non HTTP response message: Connect to 10.138.0.2:80 timed out,Thread Group 27-1,text,false,,1658,0,1,141,0,0,1502
1492747307156,1502,HTTP Request,Non HTTP response code: org.apache.http.conn.ConnectTimeoutException,Non HTTP response message: Connect to 10.138.0.2:80 timed out,Thread Group 105-1,text,false,,1658,0,1,141,0,0,1502
1492747307158,1502,HTTP Request,Non HTTP response code: org.apache.http.conn.ConnectTimeoutException,Non HTTP response message: Connect to 10.138.0.2:80 timed out,Thread Group 139-1,text,false,,1658,0,1,141,0,0,1502
1492747307158,1502,HTTP Request,Non HTTP response code: org.apache.http.conn.ConnectTimeoutException,Non HTTP response message: Connect to 10.138.0.2:80 timed out,Thread Group 88-1,text,false,,1658,0,1,141,0,0,1502
1492747307159,1501,HTTP Request,Non HTTP response code: org.apache.http.conn.ConnectTimeoutException,Non HTTP response message: Connect to 10.138.0.2:80 timed out,Thread Group 116-1,text,false,,1658,0,1,141,0,0,1501
1492747307165,1503,HTTP Request,Non HTTP response code: org.apache.http.conn.ConnectTimeoutException,Non HTTP response message: Connect to 10.138.0.2:80 timed out,Thread Group 106-1,text,false,,1658,0,1,141,0,0,1503
1492747307166,1502,HTTP Request,Non HTTP response code: org.apache.http.conn.ConnectTimeoutException,Non HTTP response message: Connect to 10.138.0.2:80 timed out,Thread Group 49-1,text,false,,1658,0,1,141,0,0,1502
1492747307167,1502,HTTP Request,Non HTTP response code: org.apache.http.conn.ConnectTimeoutException,Non HTTP response message: Connect to 10.138.0.2:80 timed out,Thread Group 86-1,text,false,,1658,0,1,141,0,0,1502
1492747307167,1502,HTTP Request,Non HTTP response code: org.apache.http.conn.ConnectTimeoutException,Non HTTP response message: Connect to 10.138.0.2:80 timed out,Thread Group 16-1,text,false,,1658,0,1,141,0,0,1502
1492747307165,1505,HTTP Request,Non HTTP response code: org.apache.http.conn.ConnectTimeoutException,Non HTTP response message: Connect to 10.138.0.2:80 timed out,Thread Group 19-1,text,false,,1658,0,1,141,0,0,1504
1492747307164,1506,HTTP Request,Non HTTP response code: org.apache.http.conn.ConnectTimeoutException,Non HTTP response message: Connect to 10.138.0.2:80 timed out,Thread Group 121-1,text,false,,1658,0,1,141,0,0,1506
1492747307168,1502,HTTP Request,Non HTTP response code: org.apache.http.conn.ConnectTimeoutException,Non HTTP response message: Connect to 10.138.0.2:80 timed out,Thread Group 73-1,text,false,,1658,0,1,141,0,0,1502
1492747307168,1503,HTTP Request,Non HTTP response code: org.apache.http.conn.ConnectTimeoutException,Non HTTP response message: Connect to 10.138.0.2:80 timed out,Thread Group 4-1,text,false,,1658,0,1,141,0,0,1503
1492747307169,1502,HTTP Request,Non HTTP response code: org.apache.http.conn.ConnectTimeoutException,Non HTTP response message: Connect to 10.138.0.2:80 timed out,Thread Group 129-1,text,false,,1658,0,1,141,0,0,1502
1492747307164,1508,HTTP Request,Non HTTP response code: org.apache.http.conn.ConnectTimeoutException,Non HTTP response message: Connect to 10.138.0.2:80 timed out,Thread Group 40-1,text,false,,1658,0,1,141,0,0,1508
1492747307170,1502,HTTP Request,Non HTTP response code: org.apache.http.conn.ConnectTimeoutException,Non HTTP response message: Connect to 10.138.0.2:80 timed out,Thread Group 109-1,text,false,,1658,0,1,141,0,0,1502
1492747307170,1502,HTTP Request,Non HTTP response code: org.apache.http.conn.ConnectTimeoutException,Non HTTP response message: Connect to 10.138.0.2:80 timed out,Thread Group 126-1,text,false,,1658,0,1,141,0,0,1502
1492747307171,1502,HTTP Request,Non HTTP response code: org.apache.http.conn.ConnectTimeoutException,Non HTTP response message: Connect to 10.138.0.2:80 timed out,Thread Group 29-1,text,false,,1658,0,1,141,0,0,1502
1492747307171,1502,HTTP Request,Non HTTP response code: org.apache.http.conn.ConnectTimeoutException,Non HTTP response message: Connect to 10.138.0.2:80 timed out,Thread Group 31-1,text,false,,1658,0,1,141,0,0,1502
1492747307163,1511,HTTP Request,Non HTTP response code: org.apache.http.conn.ConnectTimeoutException,Non HTTP response message: Connect to 10.138.0.2:80 timed out,Thread Group 46-1,text,false,,1658,0,1,141,0,0,1511
1492747307172,1502,HTTP Request,Non HTTP response code: org.apache.http.conn.ConnectTimeoutException,Non HTTP response message: Connect to 10.138.0.2:80 timed out,Thread Group 26-1,text,false,,1658,0,1,141,0,0,1502
1492747307173,1502,HTTP Request,Non HTTP response code: org.apache.http.conn.ConnectTimeoutException,Non HTTP response message: Connect to 10.138.0.2:80 timed out,Thread Group 13-1,text,false,,1658,0,1,141,0,0,1502
1492747307163,1512,HTTP Request,Non HTTP response code: org.apache.http.conn.ConnectTimeoutException,Non HTTP response message: Connect to 10.138.0.2:80 timed out,Thread Group 79-1,text,false,,1658,0,1,141,0,0,1512
1492747307174,1501,HTTP Request,Non HTTP response code: org.apache.http.conn.ConnectTimeoutException,Non HTTP response message: Connect to 10.138.0.2:80 timed out,Thread Group 122-1,text,false,,1658,0,1,141,0,0,1501
1492747307162,1514,HTTP Request,Non HTTP response code: org.apache.http.conn.ConnectTimeoutException,Non HTTP response message: Connect to 10.138.0.2:80 timed out,Thread Group 32-1,text,false,,1658,0,1,141,0,0,1514
1492747307174,1502,HTTP Request,Non HTTP response code: org.apache.http.conn.ConnectTimeoutException,Non HTTP response message: Connect to 10.138.0.2:80 timed out,Thread Group 113-1,text,false,,1658,0,1,141,0,0,1502
1492747307175,1501,HTTP Request,Non HTTP response code: org.apache.http.conn.ConnectTimeoutException,Non HTTP response message: Connect to 10.138.0.2:80 timed out,Thread Group 25-1,text,false,,1658,0,1,141,0,0,1501
1492747307175,1502,HTTP Request,Non HTTP response code: org.apache.http.conn.ConnectTimeoutException,Non HTTP response message: Connect to 10.138.0.2:80 timed out,Thread Group 78-1,text,false,,1658,0,1,141,0,0,1502
1492747307175,1502,HTTP Request,Non HTTP response code: org.apache.http.conn.ConnectTimeoutException,Non HTTP response message: Connect to 10.138.0.2:80 timed out,Thread Group 135-1,text,false,,1658,0,1,141,0,0,1502
1492747307161,1517,HTTP Request,Non HTTP response code: org.apache.http.conn.ConnectTimeoutException,Non HTTP response message: Connect to 10.138.0.2:80 timed out,Thread Group 93-1,text,false,,1658,0,1,141,0,0,1517
1492747307176,1502,HTTP Request,Non HTTP response code: org.apache.http.conn.ConnectTimeoutException,Non HTTP response message: Connect to 10.138.0.2:80 timed out,Thread Group 136-1,text,false,,1658,0,1,141,0,0,1502
1492747307176,1502,HTTP Request,Non HTTP response code: org.apache.http.conn.ConnectTimeoutException,Non HTTP response message: Connect to 10.138.0.2:80 timed out,Thread Group 22-1,text,false,,1658,0,1,141,0,0,1502
1492747307160,1519,HTTP Request,Non HTTP response code: org.apache.http.conn.ConnectTimeoutException,Non HTTP response message: Connect to 10.138.0.2:80 timed out,Thread Group 132-1,text,false,,1658,0,1,141,0,0,1519
1492747307160,1519,HTTP Request,Non HTTP response code: org.apache.http.conn.ConnectTimeoutException,Non HTTP response message: Connect to 10.138.0.2:80 timed out,Thread Group 14-1,text,false,,1658,0,1,141,0,0,1519
1492747307172,1512,HTTP Request,Non HTTP response code: org.apache.http.conn.ConnectTimeoutException,Non HTTP response message: Connect to 10.138.0.2:80 timed out,Thread Group 28-1,text,false,,1658,0,1,141,0,0,1512
1492747307169,1502,HTTP Request,Non HTTP response code: org.apache.http.conn.ConnectTimeoutException,Non HTTP response message: Connect to 10.138.0.2:80 timed out,Thread Group 71-1,text,false,,1658,0,1,141,0,0,1502
1492747307166,1501,HTTP Request,Non HTTP response code: org.apache.http.conn.ConnectTimeoutException,Non HTTP response message: Connect to 10.138.0.2:80 timed out,Thread Group 8-1,text,false,,1658,0,1,141,0,0,1501
1492747307162,1517,HTTP Request,Non HTTP response code: org.apache.http.conn.ConnectTimeoutException,Non HTTP response message: Connect to 10.138.0.2:80 timed out,Thread Group 43-1,text,false,,1658,0,1,141,0,0,1517
1492747307171,1502,HTTP Request,Non HTTP response code: org.apache.http.conn.ConnectTimeoutException,Non HTTP response message: Connect to 10.138.0.2:80 timed out,Thread Group 117-1,text,false,,1658,0,1,141,0,0,1502
1492747307159,1502,HTTP Request,Non HTTP response code: org.apache.http.conn.ConnectTimeoutException,Non HTTP response message: Connect to 10.138.0.2:80 timed out,Thread Group 140-1,text,false,,1658,0,1,141,0,0,1502
1492747307539,1501,HTTP Request,Non HTTP response code: java.net.SocketTimeoutException,Non HTTP response message: Read timed out,Thread Group 103-1,text,false,,2690,0,1,141,0,0,0
1492747306655,2499,HTTP Request,Non HTTP response code: java.net.SocketTimeoutException,Non HTTP response message: Read timed out,Thread Group 65-1,text,false,,2690,0,1,141,0,0,997
1492747306654,2501,HTTP Request,Non HTTP response code: java.net.SocketTimeoutException,Non HTTP response message: Read timed out,Thread Group 62-1,text,false,,2690,0,1,141,0,0,998
1492747306810,2500,HTTP Request,Non HTTP response code: java.net.SocketTimeoutException,Non HTTP response message: Read timed out,Thread Group 104-1,text,false,,2690,0,1,141,0,0,998
1492747307050,2500,HTTP Request,Non HTTP response code: java.net.SocketTimeoutException,Non HTTP response message: Read timed out,Thread Group 91-1,text,false,,2690,0,1,141,0,0,998
1492747307048,2503,HTTP Request,Non HTTP response code: java.net.SocketTimeoutException,Non HTTP response message: Read timed out,Thread Group 89-1,text,false,,2690,0,1,141,0,0,1000
1492747307048,2503,HTTP Request,Non HTTP response code: java.net.SocketTimeoutException,Non HTTP response message: Read timed out,Thread Group 9-1,text,false,,2690,0,1,141,0,0,1001
1492747307049,2503,HTTP Request,Non HTTP response code: java.net.SocketTimeoutException,Non HTTP response message: Read timed out,Thread Group 92-1,text,false,,2690,0,1,141,0,0,1000
1492747307049,2503,HTTP Request,Non HTTP response code: java.net.SocketTimeoutException,Non HTTP response message: Read timed out,Thread Group 137-1,text,false,,2690,0,1,141,0,0,1000
1492747307049,2503,HTTP Request,Non HTTP response code: java.net.SocketTimeoutException,Non HTTP response message: Read timed out,Thread Group 95-1,text,false,,2690,0,1,141,0,0,1000
1492747307050,2503,HTTP Request,Non HTTP response code: java.net.SocketTimeoutException,Non HTTP response message: Read timed out,Thread Group 141-1,text,false,,2690,0,1,141,0,0,999
1492747307687,2499,HTTP Request,Non HTTP response code: java.net.SocketTimeoutException,Non HTTP response message: Read timed out,Thread Group 102-1,text,false,,2690,0,1,141,0,0,997
1492747308678,1510,HTTP Request,Non HTTP response code: java.net.SocketTimeoutException,Non HTTP response message: Read timed out,Thread Group 22-1,text,false,,2690,0,1,141,0,0,8
1492747308671,1517,HTTP Request,Non HTTP response code: java.net.SocketTimeoutException,Non HTTP response message: Read timed out,Thread Group 73-1,text,false,,2690,0,1,141,0,0,15
1492747308675,1514,HTTP Request,Non HTTP response code: java.net.SocketTimeoutException,Non HTTP response message: Read timed out,Thread Group 13-1,text,false,,2690,0,1,141,0,0,11
1492747308677,1512,HTTP Request,Non HTTP response code: java.net.SocketTimeoutException,Non HTTP response message: Read timed out,Thread Group 78-1,text,false,,2690,0,1,141,0,0,9
1492747308674,1516,HTTP Request,Non HTTP response code: java.net.SocketTimeoutException,Non HTTP response message: Read timed out,Thread Group 46-1,text,false,,2690,0,1,141,0,0,12
1492747308678,1512,HTTP Request,Non HTTP response code: java.net.SocketTimeoutException,Non HTTP response message: Read timed out,Thread Group 136-1,text,false,,2690,0,1,141,0,0,9
1492747308669,1522,HTTP Request,Non HTTP response code: java.net.SocketTimeoutException,Non HTTP response message: Read timed out,Thread Group 16-1,text,false,,2690,0,1,141,0,0,18
1492747308679,1512,HTTP Request,Non HTTP response code: java.net.SocketTimeoutException,Non HTTP response message: Read timed out,Thread Group 14-1,text,false,,2690,0,1,141,0,0,8
1492747308670,1522,HTTP Request,Non HTTP response code: java.net.SocketTimeoutException,Non HTTP response message: Read timed out,Thread Group 121-1,text,false,,2690,0,1,141,0,0,17
1492747308672,1520,HTTP Request,Non HTTP response code: java.net.SocketTimeoutException,Non HTTP response message: Read timed out,Thread Group 40-1,text,false,,2690,0,1,141,0,0,15
1492747308675,1518,HTTP Request,Non HTTP response code: java.net.SocketTimeoutException,Non HTTP response message: Read timed out,Thread Group 79-1,text,false,,2690,0,1,141,0,0,12
1492747308676,1517,HTTP Request,Non HTTP response code: java.net.SocketTimeoutException,Non HTTP response message: Read timed out,Thread Group 113-1,text,false,,2690,0,1,141,0,0,11
1492747308673,1521,HTTP Request,Non HTTP response code: java.net.SocketTimeoutException,Non HTTP response message: Read timed out,Thread Group 126-1,text,false,,2690,0,1,141,0,0,15
1492747308674,1520,HTTP Request,Non HTTP response code: java.net.SocketTimeoutException,Non HTTP response message: Read timed out,Thread Group 31-1,text,false,,2690,0,1,141,0,0,14
1492747308674,1521,HTTP Request,Non HTTP response code: java.net.SocketTimeoutException,Non HTTP response message: Read timed out,Thread Group 26-1,text,false,,2690,0,1,141,0,0,14
1492747308671,1524,HTTP Request,Non HTTP response code: java.net.SocketTimeoutException,Non HTTP response message: Read timed out,Thread Group 129-1,text,false,,2690,0,1,141,0,0,17
1492747308672,1524,HTTP Request,Non HTTP response code: java.net.SocketTimeoutException,Non HTTP response message: Read timed out,Thread Group 109-1,text,false,,2690,0,1,141,0,0,16
1492747308673,1523,HTTP Request,Non HTTP response code: java.net.SocketTimeoutException,Non HTTP response message: Read timed out,Thread Group 29-1,text,false,,2690,0,1,141,0,0,15
1492747308675,1522,HTTP Request,Non HTTP response code: java.net.SocketTimeoutException,Non HTTP response message: Read timed out,Thread Group 122-1,text,false,,2690,0,1,141,0,0,13
1492747308679,1518,HTTP Request,Non HTTP response code: java.net.SocketTimeoutException,Non HTTP response message: Read timed out,Thread Group 132-1,text,false,,2690,0,1,141,0,0,10
1492747308671,1527,HTTP Request,Non HTTP response code: java.net.SocketTimeoutException,Non HTTP response message: Read timed out,Thread Group 4-1,text,false,,2690,0,1,141,0,0,18
1492747308676,1522,HTTP Request,Non HTTP response code: java.net.SocketTimeoutException,Non HTTP response message: Read timed out,Thread Group 32-1,text,false,,2690,0,1,141,0,0,13
1492747308668,1531,HTTP Request,Non HTTP response code: java.net.SocketTimeoutException,Non HTTP response message: Read timed out,Thread Group 49-1,text,false,,2690,0,1,141,0,0,21
1492747308677,1522,HTTP Request,Non HTTP response code: java.net.SocketTimeoutException,Non HTTP response message: Read timed out,Thread Group 135-1,text,false,,2690,0,1,141,0,0,12
1492747308685,1515,HTTP Request,Non HTTP response code: java.net.SocketTimeoutException,Non HTTP response message: Read timed out,Thread Group 43-1,text,false,,2690,0,1,141,0,0,4
1492747308685,1515,HTTP Request,Non HTTP response code: java.net.SocketTimeoutException,Non HTTP response message: Read timed out,Thread Group 117-1,text,false,,2690,0,1,141,0,0,4
1492747308670,1531,HTTP Request,Non HTTP response code: java.net.SocketTimeoutException,Non HTTP response message: Read timed out,Thread Group 19-1,text,false,,2690,0,1,141,0,0,20
1492747308669,1532,HTTP Request,Non HTTP response code: java.net.SocketTimeoutException,Non HTTP response message: Read timed out,Thread Group 86-1,text,false,,2690,0,1,141,0,0,21
1492747308684,1518,HTTP Request,Non HTTP response code: java.net.SocketTimeoutException,Non HTTP response message: Read timed out,Thread Group 28-1,text,false,,2690,0,1,141,0,0,6
1492747308684,1518,HTTP Request,Non HTTP response code: java.net.SocketTimeoutException,Non HTTP response message: Read timed out,Thread Group 71-1,text,false,,2690,0,1,141,0,0,6
1492747308678,1525,HTTP Request,Non HTTP response code: java.net.SocketTimeoutException,Non HTTP response message: Read timed out,Thread Group 93-1,text,false,,2690,0,1,141,0,0,9
1492747308685,1518,HTTP Request,Non HTTP response code: java.net.SocketTimeoutException,Non HTTP response message: Read timed out,Thread Group 8-1,text,false,,2690,0,1,141,0,0,5
1492747308668,1536,HTTP Request,Non HTTP response code: java.net.SocketTimeoutException,Non HTTP response message: Read timed out,Thread Group 106-1,text,false,,2690,0,1,141,0,0,22
1492747308696,1508,HTTP Request,Non HTTP response code: java.net.SocketTimeoutException,Non HTTP response message: Read timed out,Thread Group 140-1,text,false,,2690,0,1,141,0,0,1
1492747308677,1510,HTTP Request,Non HTTP response code: java.net.SocketTimeoutException,Non HTTP response message: Read timed out,Thread Group 25-1,text,false,,2690,0,1,141,0,0,9
1492747307918,2500,HTTP Request,Non HTTP response code: java.net.SocketTimeoutException,Non HTTP response message: Read timed out,Thread Group 101-1,text,false,,2690,0,1,141,0,0,998
1492747308003,2499,HTTP Request,Non HTTP response code: java.net.SocketTimeoutException,Non HTTP response message: Read timed out,Thread Group 74-1,text,false,,2690,0,1,141,0,0,997
1492747309040,1504,HTTP Request,Non HTTP response code: java.net.SocketTimeoutException,Non HTTP response message: Read timed out,Thread Group 103-1,text,false,,2690,0,1,141,0,0,1
1492747308119,2499,HTTP Request,Non HTTP response code: java.net.SocketTimeoutException,Non HTTP response message: Read timed out,Thread Group 2-1,text,false,,2690,0,1,141,0,0,997
1492747308119,2500,HTTP Request,Non HTTP response code: java.net.SocketTimeoutException,Non HTTP response message: Read timed out,Thread Group 69-1,text,false,,2690,0,1,141,0,0,997
1492747308120,2501,HTTP Request,Non HTTP response code: java.net.SocketTimeoutException,Non HTTP response message: Read timed out,Thread Group 57-1,text,false,,2690,0,1,141,0,0,1000
1492747309154,1502,HTTP Request,Non HTTP response code: java.net.SocketTimeoutException,Non HTTP response message: Read timed out,Thread Group 65-1,text,false,,2690,0,1,141,0,0,1
1492747309155,1502,HTTP Request,Non HTTP response code: java.net.SocketTimeoutException,Non HTTP response message: Read timed out,Thread Group 62-1,text,false,,2690,0,1,141,0,0,0
1492747309310,1503,HTTP Request,Non HTTP response code: java.net.SocketTimeoutException,Non HTTP response message: Read timed out,Thread Group 104-1,text,false,,2690,0,1,141,0,0,1
1492747308507,2499,HTTP Request,Non HTTP response code: java.net.SocketTimeoutException,Non HTTP response message: Read timed out,Thread Group 77-1,text,false,,2690,0,1,141,0,0,997
1492747308506,2501,HTTP Request,Non HTTP response code: java.net.SocketTimeoutException,Non HTTP response message: Read timed out,Thread Group 1-1,text,false,,2690,0,1,141,0,0,998
1492747308508,2500,HTTP Request,Non HTTP response code: java.net.SocketTimeoutException,Non HTTP response message: Read timed out,Thread Group 39-1,text,false,,2690,0,1,141,0,0,1000
1492747308510,2499,HTTP Request,Non HTTP response code: java.net.SocketTimeoutException,Non HTTP response message: Read timed out,Thread Group 3-1,text,false,,2690,0,1,141,0,0,998
1492747308508,2501,HTTP Request,Non HTTP response code: java.net.SocketTimeoutException,Non HTTP response message: Read timed out,Thread Group 20-1,text,false,,2690,0,1,141,0,0,1000
1492747308510,2500,HTTP Request,Non HTTP response code: java.net.SocketTimeoutException,Non HTTP response message: Read timed out,Thread Group 24-1,text,false,,2690,0,1,141,0,0,998
1492747308514,2500,HTTP Request,Non HTTP response code: java.net.SocketTimeoutException,Non HTTP response message: Read timed out,Thread Group 68-1,text,false,,2690,0,1,141,0,0,998
1492747308512,2502,HTTP Request,Non HTTP response code: java.net.SocketTimeoutException,Non HTTP response message: Read timed out,Thread Group 23-1,text,false,,2690,0,1,141,0,0,1000
1492747308514,2501,HTTP Request,Non HTTP response code: java.net.SocketTimeoutException,Non HTTP response message: Read timed out,Thread Group 12-1,text,false,,2690,0,1,141,0,0,998
1492747308512,2503,HTTP Request,Non HTTP response code: java.net.SocketTimeoutException,Non HTTP response message: Read timed out,Thread Group 38-1,text,false,,2690,0,1,141,0,0,1000
1492747308518,2500,HTTP Request,Non HTTP response code: java.net.SocketTimeoutException,Non HTTP response message: Read timed out,Thread Group 61-1,text,false,,2690,0,1,141,0,0,998
1492747308516,2502,HTTP Request,Non HTTP response code: java.net.SocketTimeoutException,Non HTTP response message: Read timed out,Thread Group 59-1,text,false,,2690,0,1,141,0,0,1000
1492747308518,2501,HTTP Request,Non HTTP response code: java.net.SocketTimeoutException,Non HTTP response message: Read timed out,Thread Group 45-1,text,false,,2690,0,1,141,0,0,998
1492747308516,2503,HTTP Request,Non HTTP response code: java.net.SocketTimeoutException,Non HTTP response message: Read timed out,Thread Group 54-1,text,false,,2690,0,1,141,0,0,1000
1492747308520,2502,HTTP Request,Non HTTP response code: java.net.SocketTimeoutException,Non HTTP response message: Read timed out,Thread Group 33-1,text,false,,2690,0,1,141,0,0,1000
1492747308520,2502,HTTP Request,Non HTTP response code: java.net.SocketTimeoutException,Non HTTP response message: Read timed out,Thread Group 17-1,text,false,,2690,0,1,141,0,0,1000
1492747308522,2501,HTTP Request,Non HTTP response code: java.net.SocketTimeoutException,Non HTTP response message: Read timed out,Thread Group 82-1,text,false,,2690,0,1,141,0,0,998
1492747308522,2501,HTTP Request,Non HTTP response code: java.net.SocketTimeoutException,Non HTTP response message: Read timed out,Thread Group 83-1,text,false,,2690,0,1,141,0,0,998
1492747308524,2501,HTTP Request,Non HTTP response code: java.net.SocketTimeoutException,Non HTTP response message: Read timed out,Thread Group 85-1,text,false,,2690,0,1,141,0,0,1000
1492747308538,2500,HTTP Request,Non HTTP response code: java.net.SocketTimeoutException,Non HTTP response message: Read timed out,Thread Group 111-1,text,false,,2690,0,1,141,0,0,998
1492747308536,2503,HTTP Request,Non HTTP response code: java.net.SocketTimeoutException,Non HTTP response message: Read timed out,Thread Group 114-1,text,false,,2690,0,1,141,0,0,1000
1492747308538,2501,HTTP Request,Non HTTP response code: java.net.SocketTimeoutException,Non HTTP response message: Read timed out,Thread Group 107-1,text,false,,2690,0,1,141,0,0,998
1492747308538,2502,HTTP Request,Non HTTP response code: java.net.SocketTimeoutException,Non HTTP response message: Read timed out,Thread Group 108-1,text,false,,2690,0,1,141,0,0,998
1492747308542,2500,HTTP Request,Non HTTP response code: java.net.SocketTimeoutException,Non HTTP response message: Read timed out,Thread Group 119-1,text,false,,2690,0,1,141,0,0,998
1492747308543,2499,HTTP Request,Non HTTP response code: java.net.SocketTimeoutException,Non HTTP response message: Read timed out,Thread Group 115-1,text,false,,2690,0,1,141,0,0,997
1492747308542,2501,HTTP Request,Non HTTP response code: java.net.SocketTimeoutException,Non HTTP response message: Read timed out,Thread Group 100-1,text,false,,2690,0,1,141,0,0,998
1492747308543,2500,HTTP Request,Non HTTP response code: java.net.SocketTimeoutException,Non HTTP response message: Read timed out,Thread Group 87-1,text,false,,2690,0,1,141,0,0,997
1492747309553,1505,HTTP Request,Non HTTP response code: java.net.SocketTimeoutException,Non HTTP response message: Read timed out,Thread Group 95-1,text,false,,2690,0,1,141,0,0,1
1492747309552,1507,HTTP Request,Non HTTP response code: java.net.SocketTimeoutException,Non HTTP response message: Read timed out,Thread Group 137-1,text,false,,2690,0,1,141,0,0,2
1492747309551,1508,HTTP Request,Non HTTP response code: java.net.SocketTimeoutException,Non HTTP response message: Read timed out,Thread Group 89-1,text,false,,2690,0,1,141,0,0,3
1492747309553,1507,HTTP Request,Non HTTP response code: java.net.SocketTimeoutException,Non HTTP response message: Read timed out,Thread Group 141-1,text,false,,2690,0,1,141,0,0,1
1492747309551,1509,HTTP Request,Non HTTP response code: java.net.SocketTimeoutException,Non HTTP response message: Read timed out,Thread Group 9-1,text,false,,2690,0,1,141,0,0,3
1492747309550,1510,HTTP Request,Non HTTP response code: java.net.SocketTimeoutException,Non HTTP response message: Read timed out,Thread Group 91-1,text,false,,2690,0,1,141,0,0,4
1492747309552,1503,HTTP Request,Non HTTP response code: java.net.SocketTimeoutException,Non HTTP response message: Read timed out,Thread Group 92-1,text,false,,2690,0,1,141,0,0,1
1492747308546,2500,HTTP Request,Non HTTP response code: java.net.SocketTimeoutException,Non HTTP response message: Read timed out,Thread Group 133-1,text,false,,2690,0,1,141,0,0,998
1492747308545,2501,HTTP Request,Non HTTP response code: java.net.SocketTimeoutException,Non HTTP response message: Read timed out,Thread Group 128-1,text,false,,2690,0,1,141,0,0,1000
1492747308545,2501,HTTP Request,Non HTTP response code: java.net.SocketTimeoutException,Non HTTP response message: Read timed out,Thread Group 125-1,text,false,,2690,0,1,141,0,0,1000
1492747308544,2502,HTTP Request,Non HTTP response code: java.net.SocketTimeoutException,Non HTTP response message: Read timed out,Thread Group 98-1,text,false,,2690,0,1,141,0,0,1000
1492747308546,2500,HTTP Request,Non HTTP response code: java.net.SocketTimeoutException,Non HTTP response message: Read timed out,Thread Group 123-1,text,false,,2690,0,1,141,0,0,998
1492747308544,2502,HTTP Request,Non HTTP response code: java.net.SocketTimeoutException,Non HTTP response message: Read timed out,Thread Group 84-1,text,false,,2690,0,1,141,0,0,1000
1492747308545,2501,HTTP Request,Non HTTP response code: java.net.SocketTimeoutException,Non HTTP response message: Read timed out,Thread Group 97-1,text,false,,2690,0,1,141,0,0,999
1492747308593,2501,HTTP Request,Non HTTP response code: java.net.SocketTimeoutException,Non HTTP response message: Read timed out,Thread Group 50-1,text,false,,2690,0,1,141,0,0,999
1492747308594,2502,HTTP Request,Non HTTP response code: java.net.SocketTimeoutException,Non HTTP response message: Read timed out,Thread Group 42-1,text,false,,2690,0,1,141,0,0,999
1492747308594,2501,HTTP Request,Non HTTP response code: java.net.SocketTimeoutException,Non HTTP response message: Read timed out,Thread Group 112-1,text,false,,2690,0,1,141,0,0,998
1492747308626,2500,HTTP Request,Non HTTP response code: java.net.SocketTimeoutException,Non HTTP response message: Read timed out,Thread Group 48-1,text,false,,2690,0,1,141,0,0,998
1492747308625,2502,HTTP Request,Non HTTP response code: java.net.SocketTimeoutException,Non HTTP response message: Read timed out,Thread Group 64-1,text,false,,2690,0,1,141,0,0,999
1492747308625,2502,HTTP Request,Non HTTP response code: java.net.SocketTimeoutException,Non HTTP response message: Read timed out,Thread Group 63-1,text,false,,2690,0,1,141,0,0,999
1492747308626,2502,HTTP Request,Non HTTP response code: java.net.SocketTimeoutException,Non HTTP response message: Read timed out,Thread Group 56-1,text,false,,2690,0,1,141,0,0,999
1492747308625,2503,HTTP Request,Non HTTP response code: java.net.SocketTimeoutException,Non HTTP response message: Read timed out,Thread Group 37-1,text,false,,2690,0,1,141,0,0,1000
1492747308627,2501,HTTP Request,Non HTTP response code: java.net.SocketTimeoutException,Non HTTP response message: Read timed out,Thread Group 10-1,text,false,,2690,0,1,141,0,0,998
1492747308631,2499,HTTP Request,Non HTTP response code: java.net.SocketTimeoutException,Non HTTP response message: Read timed out,Thread Group 80-1,text,false,,2690,0,1,141,0,0,997
1492747308628,2502,HTTP Request,Non HTTP response code: java.net.SocketTimeoutException,Non HTTP response message: Read timed out,Thread Group 6-1,text,false,,2690,0,1,141,0,0,1000
1492747308629,2501,HTTP Request,Non HTTP response code: java.net.SocketTimeoutException,Non HTTP response message: Read timed out,Thread Group 41-1,text,false,,2690,0,1,141,0,0,999
1492747308630,2501,HTTP Request,Non HTTP response code: java.net.SocketTimeoutException,Non HTTP response message: Read timed out,Thread Group 44-1,text,false,,2690,0,1,141,0,0,998
1492747308630,2501,HTTP Request,Non HTTP response code: java.net.SocketTimeoutException,Non HTTP response message: Read timed out,Thread Group 30-1,text,false,,2690,0,1,141,0,0,998
1492747308629,2503,HTTP Request,Non HTTP response code: java.net.SocketTimeoutException,Non HTTP response message: Read timed out,Thread Group 47-1,text,false,,2690,0,1,141,0,0,1000
1492747308628,2504,HTTP Request,Non HTTP response code: java.net.SocketTimeoutException,Non HTTP response message: Read timed out,Thread Group 7-1,text,false,,2690,0,1,141,0,0,1001
1492747308633,2501,HTTP Request,Non HTTP response code: java.net.SocketTimeoutException,Non HTTP response message: Read timed out,Thread Group 72-1,text,false,,2690,0,1,141,0,0,999
1492747308633,2501,HTTP Request,Non HTTP response code: java.net.SocketTimeoutException,Non HTTP response message: Read timed out,Thread Group 110-1,text,false,,2690,0,1,141,0,0,999
1492747308632,2502,HTTP Request,Non HTTP response code: java.net.SocketTimeoutException,Non HTTP response message: Read timed out,Thread Group 99-1,text,false,,2690,0,1,141,0,0,1000
1492747308632,2503,HTTP Request,Non HTTP response code: java.net.SocketTimeoutException,Non HTTP response message: Read timed out,Thread Group 94-1,text,false,,2690,0,1,141,0,0,1000
1492747308638,2500,HTTP Request,Non HTTP response code: java.net.SocketTimeoutException,Non HTTP response message: Read timed out,Thread Group 35-1,text,false,,2690,0,1,141,0,0,998
1492747308639,2499,HTTP Request,Non HTTP response code: java.net.SocketTimeoutException,Non HTTP response message: Read timed out,Thread Group 76-1,text,false,,2690,0,1,141,0,0,997
1492747308638,2501,HTTP Request,Non HTTP response code: java.net.SocketTimeoutException,Non HTTP response message: Read timed out,Thread Group 34-1,text,false,,2690,0,1,141,0,0,998
1492747308637,2502,HTTP Request,Non HTTP response code: java.net.SocketTimeoutException,Non HTTP response message: Read timed out,Thread Group 5-1,text,false,,2690,0,1,141,0,0,999
1492747308637,2503,HTTP Request,Non HTTP response code: java.net.SocketTimeoutException,Non HTTP response message: Read timed out,Thread Group 120-1,text,false,,2690,0,1,141,0,0,1000
1492747308638,2502,HTTP Request,Non HTTP response code: java.net.SocketTimeoutException,Non HTTP response message: Read timed out,Thread Group 52-1,text,false,,2690,0,1,141,0,0,999
1492747308637,2503,HTTP Request,Non HTTP response code: java.net.SocketTimeoutException,Non HTTP response message: Read timed out,Thread Group 118-1,text,false,,2690,0,1,141,0,0,1000
1492747308636,2505,HTTP Request,Non HTTP response code: java.net.SocketTimeoutException,Non HTTP response message: Read timed out,Thread Group 127-1,text,false,,2690,0,1,141,0,0,1001
1492747308639,2502,HTTP Request,Non HTTP response code: java.net.SocketTimeoutException,Non HTTP response message: Read timed out,Thread Group 11-1,text,false,,2690,0,1,141,0,0,998
1492747308643,2499,HTTP Request,Non HTTP response code: java.net.SocketTimeoutException,Non HTTP response message: Read timed out,Thread Group 96-1,text,false,,2690,0,1,141,0,0,997
1492747308642,2500,HTTP Request,Non HTTP response code: java.net.SocketTimeoutException,Non HTTP response message: Read timed out,Thread Group 70-1,text,false,,2690,0,1,141,0,0,998
1492747308641,2502,HTTP Request,Non HTTP response code: java.net.SocketTimeoutException,Non HTTP response message: Read timed out,Thread Group 60-1,text,false,,2690,0,1,141,0,0,999
1492747308642,2501,HTTP Request,Non HTTP response code: java.net.SocketTimeoutException,Non HTTP response message: Read timed out,Thread Group 36-1,text,false,,2690,0,1,141,0,0,998
1492747308640,2504,HTTP Request,Non HTTP response code: java.net.SocketTimeoutException,Non HTTP response message: Read timed out,Thread Group 53-1,text,false,,2690,0,1,141,0,0,1001
1492747308641,2503,HTTP Request,Non HTTP response code: java.net.SocketTimeoutException,Non HTTP response message: Read timed out,Thread Group 124-1,text,false,,2690,0,1,141,0,0,1000
1492747308641,2503,HTTP Request,Non HTTP response code: java.net.SocketTimeoutException,Non HTTP response message: Read timed out,Thread Group 134-1,text,false,,2690,0,1,141,0,0,1000
1492747308640,2505,HTTP Request,Non HTTP response code: java.net.SocketTimeoutException,Non HTTP response message: Read timed out,Thread Group 18-1,text,false,,2690,0,1,141,0,0,1001
1492747308643,2502,HTTP Request,Non HTTP response code: java.net.SocketTimeoutException,Non HTTP response message: Read timed out,Thread Group 90-1,text,false,,2690,0,1,141,0,0,998
1492747308645,2501,HTTP Request,Non HTTP response code: java.net.SocketTimeoutException,Non HTTP response message: Read timed out,Thread Group 58-1,text,false,,2690,0,1,141,0,0,999
1492747308644,2502,HTTP Request,Non HTTP response code: java.net.SocketTimeoutException,Non HTTP response message: Read timed out,Thread Group 66-1,text,false,,2690,0,1,141,0,0,1000
1492747308644,2503,HTTP Request,Non HTTP response code: java.net.SocketTimeoutException,Non HTTP response message: Read timed out,Thread Group 67-1,text,false,,2690,0,1,141,0,0,1000
1492747308646,2501,HTTP Request,Non HTTP response code: java.net.SocketTimeoutException,Non HTTP response message: Read timed out,Thread Group 75-1,text,false,,2690,0,1,141,0,0,998
1492747308636,2503,HTTP Request,Non HTTP response code: java.net.SocketTimeoutException,Non HTTP response message: Read timed out,Thread Group 130-1,text,false,,2690,0,1,141,0,0,1000
1492747308643,2500,HTTP Request,Non HTTP response code: java.net.SocketTimeoutException,Non HTTP response message: Read timed out,Thread Group 55-1,text,false,,2690,0,1,141,0,0,997
1492747308650,2500,HTTP Request,Non HTTP response code: java.net.SocketTimeoutException,Non HTTP response message: Read timed out,Thread Group 51-1,text,false,,2690,0,1,141,0,0,998
1492747308648,2502,HTTP Request,Non HTTP response code: java.net.SocketTimeoutException,Non HTTP response message: Read timed out,Thread Group 15-1,text,false,,2690,0,1,141,0,0,1000
1492747308650,2500,HTTP Request,Non HTTP response code: java.net.SocketTimeoutException,Non HTTP response message: Read timed out,Thread Group 81-1,text,false,,2690,0,1,141,0,0,998
1492747308649,2502,HTTP Request,Non HTTP response code: java.net.SocketTimeoutException,Non HTTP response message: Read timed out,Thread Group 21-1,text,false,,2690,0,1,141,0,0,999
1492747308650,2501,HTTP Request,Non HTTP response code: java.net.SocketTimeoutException,Non HTTP response message: Read timed out,Thread Group 131-1,text,false,,2690,0,1,141,0,0,998
1492747308649,2503,HTTP Request,Non HTTP response code: java.net.SocketTimeoutException,Non HTTP response message: Read timed out,Thread Group 138-1,text,false,,2690,0,1,141,0,0,1000
1492747308659,2498,HTTP Request,Non HTTP response code: java.net.SocketTimeoutException,Non HTTP response message: Read timed out,Thread Group 105-1,text,false,,2690,0,1,141,0,0,997
1492747308658,2500,HTTP Request,Non HTTP response code: java.net.SocketTimeoutException,Non HTTP response message: Read timed out,Thread Group 27-1,text,false,,2690,0,1,141,0,0,998
1492747308661,2500,HTTP Request,Non HTTP response code: java.net.SocketTimeoutException,Non HTTP response message: Read timed out,Thread Group 116-1,text,false,,2690,0,1,141,0,0,999
1492747308660,2502,HTTP Request,Non HTTP response code: java.net.SocketTimeoutException,Non HTTP response message: Read timed out,Thread Group 88-1,text,false,,2690,0,1,141,0,0,1000
1492747308660,2502,HTTP Request,Non HTTP response code: java.net.SocketTimeoutException,Non HTTP response message: Read timed out,Thread Group 139-1,text,false,,2690,0,1,141,0,0,1000
1492747310198,1510,HTTP Request,Non HTTP response code: java.net.SocketTimeoutException,Non HTTP response message: Read timed out,Thread Group 32-1,text,false,,2690,0,1,141,0,0,8
1492747310202,1506,HTTP Request,Non HTTP response code: java.net.SocketTimeoutException,Non HTTP response message: Read timed out,Thread Group 28-1,text,false,,2690,0,1,141,0,0,4
1492747310192,1517,HTTP Request,Non HTTP response code: java.net.SocketTimeoutException,Non HTTP response message: Read timed out,Thread Group 40-1,text,false,,2690,0,1,141,0,0,14
1492747310190,1519,HTTP Request,Non HTTP response code: java.net.SocketTimeoutException,Non HTTP response message: Read timed out,Thread Group 46-1,text,false,,2690,0,1,141,0,0,16
1492747310198,1512,HTTP Request,Non HTTP response code: java.net.SocketTimeoutException,Non HTTP response message: Read timed out,Thread Group 4-1,text,false,,2690,0,1,141,0,0,8
1492747310193,1517,HTTP Request,Non HTTP response code: java.net.SocketTimeoutException,Non HTTP response message: Read timed out,Thread Group 113-1,text,false,,2690,0,1,141,0,0,13
1492747310193,1518,HTTP Request,Non HTTP response code: java.net.SocketTimeoutException,Non HTTP response message: Read timed out,Thread Group 79-1,text,false,,2690,0,1,141,0,0,14
1492747310194,1517,HTTP Request,Non HTTP response code: java.net.SocketTimeoutException,Non HTTP response message: Read timed out,Thread Group 31-1,text,false,,2690,0,1,141,0,0,13
1492747310204,1508,HTTP Request,Non HTTP response code: java.net.SocketTimeoutException,Non HTTP response message: Read timed out,Thread Group 106-1,text,false,,2690,0,1,141,0,0,3
1492747310188,1524,HTTP Request,Non HTTP response code: java.net.SocketTimeoutException,Non HTTP response message: Read timed out,Thread Group 22-1,text,false,,2690,0,1,141,0,0,19
1492747310201,1511,HTTP Request,Non HTTP response code: java.net.SocketTimeoutException,Non HTTP response message: Read timed out,Thread Group 19-1,text,false,,2690,0,1,141,0,0,6
1492747310196,1517,HTTP Request,Non HTTP response code: java.net.SocketTimeoutException,Non HTTP response message: Read timed out,Thread Group 109-1,text,false,,2690,0,1,141,0,0,12
1492747310203,1510,HTTP Request,Non HTTP response code: java.net.SocketTimeoutException,Non HTTP response message: Read timed out,Thread Group 93-1,text,false,,2690,0,1,141,0,0,5
1492747310195,1519,HTTP Request,Non HTTP response code: java.net.SocketTimeoutException,Non HTTP response message: Read timed out,Thread Group 129-1,text,false,,2690,0,1,141,0,0,13
1492747310199,1515,HTTP Request,Non HTTP response code: java.net.SocketTimeoutException,Non HTTP response message: Read timed out,Thread Group 135-1,text,false,,2690,0,1,141,0,0,9
1492747310199,1516,HTTP Request,Non HTTP response code: java.net.SocketTimeoutException,Non HTTP response message: Read timed out,Thread Group 49-1,text,false,,2690,0,1,141,0,0,9
1492747310189,1526,HTTP Request,Non HTTP response code: java.net.SocketTimeoutException,Non HTTP response message: Read timed out,Thread Group 13-1,text,false,,2690,0,1,141,0,0,19
1492747310204,1512,HTTP Request,Non HTTP response code: java.net.SocketTimeoutException,Non HTTP response message: Read timed out,Thread Group 140-1,text,false,,2690,0,1,141,0,0,5
1492747310192,1524,HTTP Request,Non HTTP response code: java.net.SocketTimeoutException,Non HTTP response message: Read timed out,Thread Group 121-1,text,false,,2690,0,1,141,0,0,17
1492747310200,1517,HTTP Request,Non HTTP response code: java.net.SocketTimeoutException,Non HTTP response message: Read timed out,Thread Group 43-1,text,false,,2690,0,1,141,0,0,9
1492747310197,1520,HTTP Request,Non HTTP response code: java.net.SocketTimeoutException,Non HTTP response message: Read timed out,Thread Group 132-1,text,false,,2690,0,1,141,0,0,12
1492747310197,1520,HTTP Request,Non HTTP response code: java.net.SocketTimeoutException,Non HTTP response message: Read timed out,Thread Group 122-1,text,false,,2690,0,1,141,0,0,12
1492747310202,1516,HTTP Request,Non HTTP response code: java.net.SocketTimeoutException,Non HTTP response message: Read timed out,Thread Group 86-1,text,false,,2690,0,1,141,0,0,7
1492747310205,1513,HTTP Request,Non HTTP response code: java.net.SocketTimeoutException,Non HTTP response message: Read timed out,Thread Group 14-1,text,false,,2690,0,1,141,0,0,4
1492747310196,1523,HTTP Request,Non HTTP response code: java.net.SocketTimeoutException,Non HTTP response message: Read timed out,Thread Group 29-1,text,false,,2690,0,1,141,0,0,14
1492747310188,1531,HTTP Request,Non HTTP response code: java.net.SocketTimeoutException,Non HTTP response message: Read timed out,Thread Group 73-1,text,false,,2690,0,1,141,0,0,22
1492747310190,1530,HTTP Request,Non HTTP response code: java.net.SocketTimeoutException,Non HTTP response message: Read timed out,Thread Group 78-1,text,false,,2690,0,1,141,0,0,20
1492747310205,1515,HTTP Request,Non HTTP response code: java.net.SocketTimeoutException,Non HTTP response message: Read timed out,Thread Group 25-1,text,false,,2690,0,1,141,0,0,5
1492747310194,1526,HTTP Request,Non HTTP response code: java.net.SocketTimeoutException,Non HTTP response message: Read timed out,Thread Group 126-1,text,false,,2690,0,1,141,0,0,16
1492747310195,1526,HTTP Request,Non HTTP response code: java.net.SocketTimeoutException,Non HTTP response message: Read timed out,Thread Group 26-1,text,false,,2690,0,1,141,0,0,12
1492747310201,1520,HTTP Request,Non HTTP response code: java.net.SocketTimeoutException,Non HTTP response message: Read timed out,Thread Group 117-1,text,false,,2690,0,1,141,0,0,9
1492747310187,1535,HTTP Request,Non HTTP response code: java.net.SocketTimeoutException,Non HTTP response message: Read timed out,Thread Group 102-1,text,false,,2690,0,1,141,0,0,0
1492747310191,1531,HTTP Request,Non HTTP response code: java.net.SocketTimeoutException,Non HTTP response message: Read timed out,Thread Group 16-1,text,false,,2690,0,1,141,0,0,19
1492747310203,1519,HTTP Request,Non HTTP response code: java.net.SocketTimeoutException,Non HTTP response message: Read timed out,Thread Group 8-1,text,false,,2690,0,1,141,0,0,4
1492747310191,1524,HTTP Request,Non HTTP response code: java.net.SocketTimeoutException,Non HTTP response message: Read timed out,Thread Group 136-1,text,false,,2690,0,1,141,0,0,18
1492747310202,1505,HTTP Request,Non HTTP response code: java.net.SocketTimeoutException,Non HTTP response message: Read timed out,Thread Group 71-1,text,false,,2690,0,1,141,0,0,3
1492747310418,1503,HTTP Request,Non HTTP response code: java.net.SocketTimeoutException,Non HTTP response message: Read timed out,Thread Group 101-1,text,false,,2690,0,1,141,0,0,1
1492747310502,1503,HTTP Request,Non HTTP response code: java.net.SocketTimeoutException,Non HTTP response message: Read timed out,Thread Group 74-1,text,false,,2690,0,1,141,0,0,1
1492747310544,1502,HTTP Request,Non HTTP response code: java.net.SocketTimeoutException,Non HTTP response message: Read timed out,Thread Group 103-1,text,false,,2690,0,1,141,0,0,1
1492747310619,1502,HTTP Request,Non HTTP response code: java.net.SocketTimeoutException,Non HTTP response message: Read timed out,Thread Group 69-1,text,false,,2690,0,1,141,0,0,1
1492747310618,1504,HTTP Request,Non HTTP response code: java.net.SocketTimeoutException,Non HTTP response message: Read timed out,Thread Group 2-1,text,false,,2690,0,1,141,0,0,1
1492747310622,1502,HTTP Request,Non HTTP response code: java.net.SocketTimeoutException,Non HTTP response message: Read timed out,Thread Group 57-1,text,false,,2690,0,1,141,0,0,0
1492747310657,1503,HTTP Request,Non HTTP response code: java.net.SocketTimeoutException,Non HTTP response message: Read timed out,Thread Group 65-1,text,false,,2690,0,1,141,0,0,1
1492747310657,1503,HTTP Request,Non HTTP response code: java.net.SocketTimeoutException,Non HTTP response message: Read timed out,Thread Group 62-1,text,false,,2690,0,1,141,0,0,1
1492747310813,1503,HTTP Request,Non HTTP response code: java.net.SocketTimeoutException,Non HTTP response message: Read timed out,Thread Group 104-1,text,false,,2690,0,1,141,0,0,1
1492747311009,1503,HTTP Request,Non HTTP response code: java.net.SocketTimeoutException,Non HTTP response message: Read timed out,Thread Group 39-1,text,false,,2690,0,1,141,0,0,1
1492747311010,1503,HTTP Request,Non HTTP response code: java.net.SocketTimeoutException,Non HTTP response message: Read timed out,Thread Group 20-1,text,false,,2690,0,1,141,0,0,0
1492747311010,1503,HTTP Request,Non HTTP response code: java.net.SocketTimeoutException,Non HTTP response message: Read timed out,Thread Group 24-1,text,false,,2690,0,1,141,0,0,1
1492747311007,1507,HTTP Request,Non HTTP response code: java.net.SocketTimeoutException,Non HTTP response message: Read timed out,Thread Group 1-1,text,false,,2690,0,1,141,0,0,4
1492747311009,1505,HTTP Request,Non HTTP response code: java.net.SocketTimeoutException,Non HTTP response message: Read timed out,Thread Group 3-1,text,false,,2690,0,1,141,0,0,2
1492747311007,1507,HTTP Request,Non HTTP response code: java.net.SocketTimeoutException,Non HTTP response message: Read timed out,Thread Group 77-1,text,false,,2690,0,1,141,0,0,4
1492747311015,1502,HTTP Request,Non HTTP response code: java.net.SocketTimeoutException,Non HTTP response message: Read timed out,Thread Group 38-1,text,false,,2690,0,1,141,0,0,1
1492747311014,1504,HTTP Request,Non HTTP response code: java.net.SocketTimeoutException,Non HTTP response message: Read timed out,Thread Group 23-1,text,false,,2690,0,1,141,0,0,2
1492747311015,1503,HTTP Request,Non HTTP response code: java.net.SocketTimeoutException,Non HTTP response message: Read timed out,Thread Group 12-1,text,false,,2690,0,1,141,0,0,0
1492747311014,1505,HTTP Request,Non HTTP response code: java.net.SocketTimeoutException,Non HTTP response message: Read timed out,Thread Group 68-1,text,false,,2690,0,1,141,0,0,2
1492747311019,1503,HTTP Request,Non HTTP response code: java.net.SocketTimeoutException,Non HTTP response message: Read timed out,Thread Group 45-1,text,false,,2690,0,1,141,0,0,1
1492747311018,1504,HTTP Request,Non HTTP response code: java.net.SocketTimeoutException,Non HTTP response message: Read timed out,Thread Group 59-1,text,false,,2690,0,1,141,0,0,2
1492747311020,1503,HTTP Request,Non HTTP response code: java.net.SocketTimeoutException,Non HTTP response message: Read timed out,Thread Group 54-1,text,false,,2690,0,1,141,0,0,0
1492747311018,1505,HTTP Request,Non HTTP response code: java.net.SocketTimeoutException,Non HTTP response message: Read timed out,Thread Group 61-1,text,false,,2690,0,1,141,0,0,2
1492747311023,1502,HTTP Request,Non HTTP response code: java.net.SocketTimeoutException,Non HTTP response message: Read timed out,Thread Group 83-1,text,false,,2690,0,1,141,0,0,1
1492747311022,1504,HTTP Request,Non HTTP response code: java.net.SocketTimeoutException,Non HTTP response message: Read timed out,Thread Group 17-1,text,false,,2690,0,1,141,0,0,2
1492747311022,1504,HTTP Request,Non HTTP response code: java.net.SocketTimeoutException,Non HTTP response message: Read timed out,Thread Group 33-1,text,false,,2690,0,1,141,0,0,3
1492747311023,1504,HTTP Request,Non HTTP response code: java.net.SocketTimeoutException,Non HTTP response message: Read timed out,Thread Group 82-1,text,false,,2690,0,1,141,0,0,2
1492747311026,1502,HTTP Request,Non HTTP response code: java.net.SocketTimeoutException,Non HTTP response message: Read timed out,Thread Group 85-1,text,false,,2690,0,1,141,0,0,0
1492747311039,1503,HTTP Request,Non HTTP response code: java.net.SocketTimeoutException,Non HTTP response message: Read timed out,Thread Group 107-1,text,false,,2690,0,1,141,0,0,1
1492747311040,1503,HTTP Request,Non HTTP response code: java.net.SocketTimeoutException,Non HTTP response message: Read timed out,Thread Group 108-1,text,false,,2690,0,1,141,0,0,0
1492747311039,1504,HTTP Request,Non HTTP response code: java.net.SocketTimeoutException,Non HTTP response message: Read timed out,Thread Group 114-1,text,false,,2690,0,1,141,0,0,1
1492747311043,1502,HTTP Request,Non HTTP response code: java.net.SocketTimeoutException,Non HTTP response message: Read timed out,Thread Group 100-1,text,false,,2690,0,1,141,0,0,1
1492747311044,1502,HTTP Request,Non HTTP response code: java.net.SocketTimeoutException,Non HTTP response message: Read timed out,Thread Group 87-1,text,false,,2690,0,1,141,0,0,0
1492747311038,1519,HTTP Request,Non HTTP response code: java.net.SocketTimeoutException,Non HTTP response message: Read timed out,Thread Group 111-1,text,false,,2690,0,1,141,0,0,6
1492747311042,1504,HTTP Request,Non HTTP response code: java.net.SocketTimeoutException,Non HTTP response message: Read timed out,Thread Group 119-1,text,false,,2690,0,1,141,0,0,2
1492747311043,1503,HTTP Request,Non HTTP response code: java.net.SocketTimeoutException,Non HTTP response message: Read timed out,Thread Group 115-1,text,false,,2690,0,1,141,0,0,1
1492747311060,1503,HTTP Request,Non HTTP response code: java.net.SocketTimeoutException,Non HTTP response message: Read timed out,Thread Group 9-1,text,false,,2690,0,1,141,0,0,1
1492747311060,1504,HTTP Request,Non HTTP response code: java.net.SocketTimeoutException,Non HTTP response message: Read timed out,Thread Group 141-1,text,false,,2690,0,1,141,0,0,2
1492747311061,1503,HTTP Request,Non HTTP response code: java.net.SocketTimeoutException,Non HTTP response message: Read timed out,Thread Group 91-1,text,false,,2690,0,1,141,0,0,1
1492747311059,1506,HTTP Request,Non HTTP response code: java.net.SocketTimeoutException,Non HTTP response message: Read timed out,Thread Group 89-1,text,false,,2690,0,1,141,0,0,3
1492747311061,1504,HTTP Request,Non HTTP response code: java.net.SocketTimeoutException,Non HTTP response message: Read timed out,Thread Group 92-1,text,false,,2690,0,1,141,0,0,1
1492747311058,1507,HTTP Request,Non HTTP response code: java.net.SocketTimeoutException,Non HTTP response message: Read timed out,Thread Group 95-1,text,false,,2690,0,1,141,0,0,4
1492747311059,1504,HTTP Request,Non HTTP response code: java.net.SocketTimeoutException,Non HTTP response message: Read timed out,Thread Group 137-1,text,false,,2690,0,1,141,0,0,2
1492747311070,1502,HTTP Request,Non HTTP response code: java.net.SocketTimeoutException,Non HTTP response message: Read timed out,Thread Group 84-1,text,false,,2690,0,1,141,0,0,0
1492747311070,1502,HTTP Request,Non HTTP response code: java.net.SocketTimeoutException,Non HTTP response message: Read timed out,Thread Group 97-1,text,false,,2690,0,1,141,0,0,0
1492747311069,1504,HTTP Request,Non HTTP response code: java.net.SocketTimeoutException,Non HTTP response message: Read timed out,Thread Group 125-1,text,false,,2690,0,1,141,0,0,1
1492747311069,1504,HTTP Request,Non HTTP response code: java.net.SocketTimeoutException,Non HTTP response message: Read timed out,Thread Group 123-1,text,false,,2690,0,1,141,0,0,2
1492747311068,1506,HTTP Request,Non HTTP response code: java.net.SocketTimeoutException,Non HTTP response message: Read timed out,Thread Group 128-1,text,false,,2690,0,1,141,0,0,3
1492747311068,1506,HTTP Request,Non HTTP response code: java.net.SocketTimeoutException,Non HTTP response message: Read timed out,Thread Group 133-1,text,false,,2690,0,1,141,0,0,3
1492747311069,1505,HTTP Request,Non HTTP response code: java.net.SocketTimeoutException,Non HTTP response message: Read timed out,Thread Group 98-1,text,false,,2690,0,1,141,0,0,2
1492747311096,1502,HTTP Request,Non HTTP response code: java.net.SocketTimeoutException,Non HTTP response message: Read timed out,Thread Group 42-1,text,false,,2690,0,1,141,0,0,0
1492747311096,1503,HTTP Request,Non HTTP response code: java.net.SocketTimeoutException,Non HTTP response message: Read timed out,Thread Group 112-1,text,false,,2690,0,1,141,0,0,1
1492747311095,1505,HTTP Request,Non HTTP response code: java.net.SocketTimeoutException,Non HTTP response message: Read timed out,Thread Group 50-1,text,false,,2690,0,1,141,0,0,2
1492747311129,1502,HTTP Request,Non HTTP response code: java.net.SocketTimeoutException,Non HTTP response message: Read timed out,Thread Group 10-1,text,false,,2690,0,1,141,0,0,0
1492747311128,1504,HTTP Request,Non HTTP response code: java.net.SocketTimeoutException,Non HTTP response message: Read timed out,Thread Group 56-1,text,false,,2690,0,1,141,0,0,1
1492747311128,1504,HTTP Request,Non HTTP response code: java.net.SocketTimeoutException,Non HTTP response message: Read timed out,Thread Group 37-1,text,false,,2690,0,1,141,0,0,1
1492747311135,1502,HTTP Request,Non HTTP response code: java.net.SocketTimeoutException,Non HTTP response message: Read timed out,Thread Group 99-1,text,false,,2690,0,1,141,0,0,1
1492747311130,1508,HTTP Request,Non HTTP response code: java.net.SocketTimeoutException,Non HTTP response message: Read timed out,Thread Group 6-1,text,false,,2690,0,1,141,0,0,6
1492747311132,1506,HTTP Request,Non HTTP response code: java.net.SocketTimeoutException,Non HTTP response message: Read timed out,Thread Group 7-1,text,false,,2690,0,1,141,0,0,4
1492747311130,1509,HTTP Request,Non HTTP response code: java.net.SocketTimeoutException,Non HTTP response message: Read timed out,Thread Group 80-1,text,false,,2690,0,1,141,0,0,6
1492747311132,1507,HTTP Request,Non HTTP response code: java.net.SocketTimeoutException,Non HTTP response message: Read timed out,Thread Group 47-1,text,false,,2690,0,1,141,0,0,4
1492747311134,1506,HTTP Request,Non HTTP response code: java.net.SocketTimeoutException,Non HTTP response message: Read timed out,Thread Group 110-1,text,false,,2690,0,1,141,0,0,2
1492747311135,1505,HTTP Request,Non HTTP response code: java.net.SocketTimeoutException,Non HTTP response message: Read timed out,Thread Group 94-1,text,false,,2690,0,1,141,0,0,1
1492747311134,1506,HTTP Request,Non HTTP response code: java.net.SocketTimeoutException,Non HTTP response message: Read timed out,Thread Group 72-1,text,false,,2690,0,1,141,0,0,3
1492747311131,1510,HTTP Request,Non HTTP response code: java.net.SocketTimeoutException,Non HTTP response message: Read timed out,Thread Group 41-1,text,false,,2690,0,1,141,0,0,6
1492747311127,1514,HTTP Request,Non HTTP response code: java.net.SocketTimeoutException,Non HTTP response message: Read timed out,Thread Group 64-1,text,false,,2690,0,1,141,0,0,10
1492747311131,1511,HTTP Request,Non HTTP response code: java.net.SocketTimeoutException,Non HTTP response message: Read timed out,Thread Group 44-1,text,false,,2690,0,1,141,0,0,6
1492747311136,1506,HTTP Request,Non HTTP response code: java.net.SocketTimeoutException,Non HTTP response message: Read timed out,Thread Group 30-1,text,false,,2690,0,1,141,0,0,1
1492747311129,1514,HTTP Request,Non HTTP response code: java.net.SocketTimeoutException,Non HTTP response message: Read timed out,Thread Group 63-1,text,false,,2690,0,1,141,0,0,8
1492747311127,1516,HTTP Request,Non HTTP response code: java.net.SocketTimeoutException,Non HTTP response message: Read timed out,Thread Group 48-1,text,false,,2690,0,1,141,0,0,10
1492747311143,1507,HTTP Request,Non HTTP response code: java.net.SocketTimeoutException,Non HTTP response message: Read timed out,Thread Group 60-1,text,false,,2690,0,1,141,0,0,5
1492747311145,1505,HTTP Request,Non HTTP response code: java.net.SocketTimeoutException,Non HTTP response message: Read timed out,Thread Group 18-1,text,false,,2690,0,1,141,0,0,3
1492747311144,1507,HTTP Request,Non HTTP response code: java.net.SocketTimeoutException,Non HTTP response message: Read timed out,Thread Group 53-1,text,false,,2690,0,1,141,0,0,4
1492747311140,1511,HTTP Request,Non HTTP response code: java.net.SocketTimeoutException,Non HTTP response message: Read timed out,Thread Group 120-1,text,false,,2690,0,1,141,0,0,8
1492747311147,1505,HTTP Request,Non HTTP response code: java.net.SocketTimeoutException,Non HTTP response message: Read timed out,Thread Group 67-1,text,false,,2690,0,1,141,0,0,2
1492747311139,1513,HTTP Request,Non HTTP response code: java.net.SocketTimeoutException,Non HTTP response message: Read timed out,Thread Group 34-1,text,false,,2690,0,1,141,0,0,10
1492747311144,1508,HTTP Request,Non HTTP response code: java.net.SocketTimeoutException,Non HTTP response message: Read timed out,Thread Group 124-1,text,false,,2690,0,1,141,0,0,5
1492747311145,1508,HTTP Request,Non HTTP response code: java.net.SocketTimeoutException,Non HTTP response message: Read timed out,Thread Group 134-1,text,false,,2690,0,1,141,0,0,4
1492747311142,1511,HTTP Request,Non HTTP response code: java.net.SocketTimeoutException,Non HTTP response message: Read timed out,Thread Group 70-1,text,false,,2690,0,1,141,0,0,7
1492747311146,1508,HTTP Request,Non HTTP response code: java.net.SocketTimeoutException,Non HTTP response message: Read timed out,Thread Group 66-1,text,false,,2690,0,1,141,0,0,3
1492747311147,1507,HTTP Request,Non HTTP response code: java.net.SocketTimeoutException,Non HTTP response message: Read timed out,Thread Group 75-1,text,false,,2690,0,1,141,0,0,2
1492747311139,1516,HTTP Request,Non HTTP response code: java.net.SocketTimeoutException,Non HTTP response message: Read timed out,Thread Group 5-1,text,false,,2690,0,1,141,0,0,10
1492747311141,1514,HTTP Request,Non HTTP response code: java.net.SocketTimeoutException,Non HTTP response message: Read timed out,Thread Group 118-1,text,false,,2690,0,1,141,0,0,8
1492747311150,1506,HTTP Request,Non HTTP response code: java.net.SocketTimeoutException,Non HTTP response message: Read timed out,Thread Group 51-1,text,false,,2690,0,1,141,0,0,2
1492747311151,1505,HTTP Request,Non HTTP response code: java.net.SocketTimeoutException,Non HTTP response message: Read timed out,Thread Group 21-1,text,false,,2690,0,1,141,0,0,1
1492747311151,1505,HTTP Request,Non HTTP response code: java.net.SocketTimeoutException,Non HTTP response message: Read timed out,Thread Group 81-1,text,false,,2690,0,1,141,0,0,1
1492747311150,1507,HTTP Request,Non HTTP response code: java.net.SocketTimeoutException,Non HTTP response message: Read timed out,Thread Group 15-1,text,false,,2690,0,1,141,0,0,3
1492747311143,1514,HTTP Request,Non HTTP response code: java.net.SocketTimeoutException,Non HTTP response message: Read timed out,Thread Group 36-1,text,false,,2690,0,1,141,0,0,10
1492747311141,1517,HTTP Request,Non HTTP response code: java.net.SocketTimeoutException,Non HTTP response message: Read timed out,Thread Group 127-1,text,false,,2690,0,1,141,0,0,12
1492747311152,1507,HTTP Request,Non HTTP response code: java.net.SocketTimeoutException,Non HTTP response message: Read timed out,Thread Group 131-1,text,false,,2690,0,1,141,0,0,1
1492747311142,1517,HTTP Request,Non HTTP response code: java.net.SocketTimeoutException,Non HTTP response message: Read timed out,Thread Group 96-1,text,false,,2690,0,1,141,0,0,11
1492747311138,1522,HTTP Request,Non HTTP response code: java.net.SocketTimeoutException,Non HTTP response message: Read timed out,Thread Group 76-1,text,false,,2690,0,1,141,0,0,15
1492747311148,1512,HTTP Request,Non HTTP response code: java.net.SocketTimeoutException,Non HTTP response message: Read timed out,Thread Group 55-1,text,false,,2690,0,1,141,0,0,5
1492747311146,1514,HTTP Request,Non HTTP response code: java.net.SocketTimeoutException,Non HTTP response message: Read timed out,Thread Group 90-1,text,false,,2690,0,1,141,0,0,8
1492747311142,1519,HTTP Request,Non HTTP response code: java.net.SocketTimeoutException,Non HTTP response message: Read timed out,Thread Group 11-1,text,false,,2690,0,1,141,0,0,12
1492747311138,1523,HTTP Request,Non HTTP response code: java.net.SocketTimeoutException,Non HTTP response message: Read timed out,Thread Group 35-1,text,false,,2690,0,1,141,0,0,16
1492747311158,1504,HTTP Request,Non HTTP response code: java.net.SocketTimeoutException,Non HTTP response message: Read timed out,Thread Group 105-1,text,false,,2690,0,1,141,0,0,0
1492747311158,1504,HTTP Request,Non HTTP response code: java.net.SocketTimeoutException,Non HTTP response message: Read timed out,Thread Group 27-1,text,false,,2690,0,1,141,0,0,1
1492747311140,1522,HTTP Request,Non HTTP response code: java.net.SocketTimeoutException,Non HTTP response message: Read timed out,Thread Group 52-1,text,false,,2690,0,1,141,0,0,9
1492747311152,1511,HTTP Request,Non HTTP response code: java.net.SocketTimeoutException,Non HTTP response message: Read timed out,Thread Group 138-1,text,false,,2690,0,1,141,0,0,0
1492747311146,1512,HTTP Request,Non HTTP response code: java.net.SocketTimeoutException,Non HTTP response message: Read timed out,Thread Group 58-1,text,false,,2690,0,1,141,0,0,7
1492747311162,1502,HTTP Request,Non HTTP response code: java.net.SocketTimeoutException,Non HTTP response message: Read timed out,Thread Group 88-1,text,false,,2690,0,1,141,0,0,0
1492747311162,1502,HTTP Request,Non HTTP response code: java.net.SocketTimeoutException,Non HTTP response message: Read timed out,Thread Group 139-1,text,false,,2690,0,1,141,0,0,1
1492747311161,1503,HTTP Request,Non HTTP response code: java.net.SocketTimeoutException,Non HTTP response message: Read timed out,Thread Group 116-1,text,false,,2690,0,1,141,0,0,2
1492747311148,1511,HTTP Request,Non HTTP response code: java.net.SocketTimeoutException,Non HTTP response message: Read timed out,Thread Group 130-1,text,false,,2690,0,1,141,0,0,5
1492747311720,1505,HTTP Request,Non HTTP response code: java.net.SocketTimeoutException,Non HTTP response message: Read timed out,Thread Group 25-1,text,false,,2690,0,1,141,0,0,3
1492747311709,1519,HTTP Request,Non HTTP response code: java.net.SocketTimeoutException,Non HTTP response message: Read timed out,Thread Group 40-1,text,false,,2690,0,1,141,0,0,16
1492747311709,1519,HTTP Request,Non HTTP response code: java.net.SocketTimeoutException,Non HTTP response message: Read timed out,Thread Group 28-1,text,false,,2690,0,1,141,0,0,16
1492747311718,1511,HTTP Request,Non HTTP response code: java.net.SocketTimeoutException,Non HTTP response message: Read timed out,Thread Group 122-1,text,false,,2690,0,1,141,0,0,7
1492747311716,1513,HTTP Request,Non HTTP response code: java.net.SocketTimeoutException,Non HTTP response message: Read timed out,Thread Group 121-1,text,false,,2690,0,1,141,0,0,9
1492747311714,1516,HTTP Request,Non HTTP response code: java.net.SocketTimeoutException,Non HTTP response message: Read timed out,Thread Group 129-1,text,false,,2690,0,1,141,0,0,11
1492747311713,1517,HTTP Request,Non HTTP response code: java.net.SocketTimeoutException,Non HTTP response message: Read timed out,Thread Group 19-1,text,false,,2690,0,1,141,0,0,12
1492747311719,1512,HTTP Request,Non HTTP response code: java.net.SocketTimeoutException,Non HTTP response message: Read timed out,Thread Group 73-1,text,false,,2690,0,1,141,0,0,6
1492747311710,1521,HTTP Request,Non HTTP response code: java.net.SocketTimeoutException,Non HTTP response message: Read timed out,Thread Group 46-1,text,false,,2690,0,1,141,0,0,15
1492747311717,1515,HTTP Request,Non HTTP response code: java.net.SocketTimeoutException,Non HTTP response message: Read timed out,Thread Group 43-1,text,false,,2690,0,1,141,0,0,8
1492747311723,1509,HTTP Request,Non HTTP response code: java.net.SocketTimeoutException,Non HTTP response message: Read timed out,Thread Group 136-1,text,false,,2690,0,1,141,0,0,2
1492747311714,1518,HTTP Request,Non HTTP response code: java.net.SocketTimeoutException,Non HTTP response message: Read timed out,Thread Group 93-1,text,false,,2690,0,1,141,0,0,11
1492747311717,1516,HTTP Request,Non HTTP response code: java.net.SocketTimeoutException,Non HTTP response message: Read timed out,Thread Group 132-1,text,false,,2690,0,1,141,0,0,8
1492747311721,1512,HTTP Request,Non HTTP response code: java.net.SocketTimeoutException,Non HTTP response message: Read timed out,Thread Group 126-1,text,false,,2690,0,1,141,0,0,4
1492747311723,1511,HTTP Request,Non HTTP response code: java.net.SocketTimeoutException,Non HTTP response message: Read timed out,Thread Group 8-1,text,false,,2690,0,1,141,0,0,2
1492747311718,1516,HTTP Request,Non HTTP response code: java.net.SocketTimeoutException,Non HTTP response message: Read timed out,Thread Group 14-1,text,false,,2690,0,1,141,0,0,7
1492747311719,1516,HTTP Request,Non HTTP response code: java.net.SocketTimeoutException,Non HTTP response message: Read timed out,Thread Group 29-1,text,false,,2690,0,1,141,0,0,5
1492747311722,1513,HTTP Request,Non HTTP response code: java.net.SocketTimeoutException,Non HTTP response message: Read timed out,Thread Group 16-1,text,false,,2690,0,1,141,0,0,2
1492747311718,1518,HTTP Request,Non HTTP response code: java.net.SocketTimeoutException,Non HTTP response message: Read timed out,Thread Group 86-1,text,false,,2690,0,1,141,0,0,6
1492747311722,1514,HTTP Request,Non HTTP response code: java.net.SocketTimeoutException,Non HTTP response message: Read timed out,Thread Group 102-1,text,false,,2690,0,1,141,0,0,2
1492747311716,1521,HTTP Request,Non HTTP response code: java.net.SocketTimeoutException,Non HTTP response message: Read timed out,Thread Group 140-1,text,false,,2690,0,1,141,0,0,8
1492747311712,1525,HTTP Request,Non HTTP response code: java.net.SocketTimeoutException,Non HTTP response message: Read timed out,Thread Group 22-1,text,false,,2690,0,1,141,0,0,12
1492747311715,1523,HTTP Request,Non HTTP response code: java.net.SocketTimeoutException,Non HTTP response message: Read timed out,Thread Group 49-1,text,false,,2690,0,1,141,0,0,9
1492747311710,1528,HTTP Request,Non HTTP response code: java.net.SocketTimeoutException,Non HTTP response message: Read timed out,Thread Group 4-1,text,false,,2690,0,1,141,0,0,14
1492747311714,1524,HTTP Request,Non HTTP response code: java.net.SocketTimeoutException,Non HTTP response message: Read timed out,Thread Group 135-1,text,false,,2690,0,1,141,0,0,10
1492747311711,1528,HTTP Request,Non HTTP response code: java.net.SocketTimeoutException,Non HTTP response message: Read timed out,Thread Group 113-1,text,false,,2690,0,1,141,0,0,13
1492747311711,1528,HTTP Request,Non HTTP response code: java.net.SocketTimeoutException,Non HTTP response message: Read timed out,Thread Group 79-1,text,false,,2690,0,1,141,0,0,13
1492747311713,1527,HTTP Request,Non HTTP response code: java.net.SocketTimeoutException,Non HTTP response message: Read timed out,Thread Group 109-1,text,false,,2690,0,1,141,0,0,11
1492747311715,1525,HTTP Request,Non HTTP response code: java.net.SocketTimeoutException,Non HTTP response message: Read timed out,Thread Group 13-1,text,false,,2690,0,1,141,0,0,9
1492747311711,1529,HTTP Request,Non HTTP response code: java.net.SocketTimeoutException,Non HTTP response message: Read timed out,Thread Group 31-1,text,false,,2690,0,1,141,0,0,13
1492747311712,1529,HTTP Request,Non HTTP response code: java.net.SocketTimeoutException,Non HTTP response message: Read timed out,Thread Group 106-1,text,false,,2690,0,1,141,0,0,12
1492747311721,1520,HTTP Request,Non HTTP response code: java.net.SocketTimeoutException,Non HTTP response message: Read timed out,Thread Group 26-1,text,false,,2690,0,1,141,0,0,3
1492747311721,1521,HTTP Request,Non HTTP response code: java.net.SocketTimeoutException,Non HTTP response message: Read timed out,Thread Group 117-1,text,false,,2690,0,1,141,0,0,3
1492747311708,1534,HTTP Request,Non HTTP response code: java.net.SocketTimeoutException,Non HTTP response message: Read timed out,Thread Group 32-1,text,false,,2690,0,1,141,0,0,20
1492747311726,1516,HTTP Request,Non HTTP response code: java.net.SocketTimeoutException,Non HTTP response message: Read timed out,Thread Group 71-1,text,false,,2690,0,1,141,0,0,2
1492747311720,1523,HTTP Request,Non HTTP response code: java.net.SocketTimeoutException,Non HTTP response message: Read timed out,Thread Group 78-1,text,false,,2690,0,1,141,0,0,3
1492747311922,1502,HTTP Request,Non HTTP response code: java.net.SocketTimeoutException,Non HTTP response message: Read timed out,Thread Group 101-1,text,false,,2690,0,1,141,0,0,0
1492747312006,1502,HTTP Request,Non HTTP response code: java.net.SocketTimeoutException,Non HTTP response message: Read timed out,Thread Group 74-1,text,false,,2690,0,1,141,0,0,0
1492747312047,1502,HTTP Request,Non HTTP response code: java.net.SocketTimeoutException,Non HTTP response message: Read timed out,Thread Group 103-1,text,false,,2690,0,1,141,0,0,1
1492747312122,1503,HTTP Request,Non HTTP response code: java.net.SocketTimeoutException,Non HTTP response message: Read timed out,Thread Group 69-1,text,false,,2690,0,1,141,0,0,1
1492747312122,1503,HTTP Request,Non HTTP response code: java.net.SocketTimeoutException,Non HTTP response message: Read timed out,Thread Group 2-1,text,false,,2690,0,1,141,0,0,1
1492747312124,1502,HTTP Request,Non HTTP response code: java.net.SocketTimeoutException,Non HTTP response message: Read timed out,Thread Group 57-1,text,false,,2690,0,1,141,0,0,0
1492747312160,1503,HTTP Request,Non HTTP response code: java.net.SocketTimeoutException,Non HTTP response message: Read timed out,Thread Group 65-1,text,false,,2690,0,1,141,0,0,1
1492747312161,1503,HTTP Request,Non HTTP response code: java.net.SocketTimeoutException,Non HTTP response message: Read timed out,Thread Group 62-1,text,false,,2690,0,1,141,0,0,0
1492747312316,1503,HTTP Request,Non HTTP response code: java.net.SocketTimeoutException,Non HTTP response message: Read timed out,Thread Group 104-1,text,false,,2690,0,1,141,0,0,1
1492747312514,1503,HTTP Request,Non HTTP response code: java.net.SocketTimeoutException,Non HTTP response message: Read timed out,Thread Group 3-1,text,false,,2690,0,1,141,0,0,1
1492747312515,1503,HTTP Request,Non HTTP response code: java.net.SocketTimeoutException,Non HTTP response message: Read timed out,Thread Group 77-1,text,false,,2690,0,1,141,0,0,0
1492747312513,1505,HTTP Request,Non HTTP response code: java.net.SocketTimeoutException,Non HTTP response message: Read timed out,Thread Group 24-1,text,false,,2690,0,1,141,0,0,2
1492747312514,1504,HTTP Request,Non HTTP response code: java.net.SocketTimeoutException,Non HTTP response message: Read timed out,Thread Group 1-1,text,false,,2690,0,1,141,0,0,1
1492747312513,1506,HTTP Request,Non HTTP response code: java.net.SocketTimeoutException,Non HTTP response message: Read timed out,Thread Group 20-1,text,false,,2690,0,1,141,0,0,2
1492747312512,1507,HTTP Request,Non HTTP response code: java.net.SocketTimeoutException,Non HTTP response message: Read timed out,Thread Group 39-1,text,false,,2690,0,1,141,0,0,4
1492747312519,1506,HTTP Request,Non HTTP response code: java.net.SocketTimeoutException,Non HTTP response message: Read timed out,Thread Group 68-1,text,false,,2690,0,1,141,0,0,5
1492747312523,1503,HTTP Request,Non HTTP response code: java.net.SocketTimeoutException,Non HTTP response message: Read timed out,Thread Group 61-1,text,false,,2690,0,1,141,0,0,1
1492747312518,1509,HTTP Request,Non HTTP response code: java.net.SocketTimeoutException,Non HTTP response message: Read timed out,Thread Group 23-1,text,false,,2690,0,1,141,0,0,6
1492747312519,1508,HTTP Request,Non HTTP response code: java.net.SocketTimeoutException,Non HTTP response message: Read timed out,Thread Group 12-1,text,false,,2690,0,1,141,0,0,5
1492747312522,1506,HTTP Request,Non HTTP response code: java.net.SocketTimeoutException,Non HTTP response message: Read timed out,Thread Group 45-1,text,false,,2690,0,1,141,0,0,2
1492747312523,1505,HTTP Request,Non HTTP response code: java.net.SocketTimeoutException,Non HTTP response message: Read timed out,Thread Group 59-1,text,false,,2690,0,1,141,0,0,2
1492747312518,1510,HTTP Request,Non HTTP response code: java.net.SocketTimeoutException,Non HTTP response message: Read timed out,Thread Group 38-1,text,false,,2690,0,1,141,0,0,7
1492747312526,1503,HTTP Request,Non HTTP response code: java.net.SocketTimeoutException,Non HTTP response message: Read timed out,Thread Group 33-1,text,false,,2690,0,1,141,0,0,1
1492747312527,1502,HTTP Request,Non HTTP response code: java.net.SocketTimeoutException,Non HTTP response message: Read timed out,Thread Group 82-1,text,false,,2690,0,1,141,0,0,0
1492747312525,1505,HTTP Request,Non HTTP response code: java.net.SocketTimeoutException,Non HTTP response message: Read timed out,Thread Group 83-1,text,false,,2690,0,1,141,0,0,2
1492747312526,1504,HTTP Request,Non HTTP response code: java.net.SocketTimeoutException,Non HTTP response message: Read timed out,Thread Group 17-1,text,false,,2690,0,1,141,0,0,1
1492747312528,1503,HTTP Request,Non HTTP response code: java.net.SocketTimeoutException,Non HTTP response message: Read timed out,Thread Group 85-1,text,false,,2690,0,1,141,0,0,0
1492747312523,1504,HTTP Request,Non HTTP response code: java.net.SocketTimeoutException,Non HTTP response message: Read timed out,Thread Group 54-1,text,false,,2690,0,1,141,0,0,1
1492747312543,1502,HTTP Request,Non HTTP response code: java.net.SocketTimeoutException,Non HTTP response message: Read timed out,Thread Group 114-1,text,false,,2690,0,1,141,0,0,1
1492747312542,1513,HTTP Request,Non HTTP response code: java.net.SocketTimeoutException,Non HTTP response message: Read timed out,Thread Group 107-1,text,false,,2690,0,1,141,0,0,2
1492747312543,1502,HTTP Request,Non HTTP response code: java.net.SocketTimeoutException,Non HTTP response message: Read timed out,Thread Group 108-1,text,false,,2690,0,1,141,0,0,1
1492747312546,1511,HTTP Request,Non HTTP response code: java.net.SocketTimeoutException,Non HTTP response message: Read timed out,Thread Group 100-1,text,false,,2690,0,1,141,0,0,10
1492747312558,1502,HTTP Request,Non HTTP response code: java.net.SocketTimeoutException,Non HTTP response message: Read timed out,Thread Group 119-1,text,false,,2690,0,1,141,0,0,1
1492747312558,1502,HTTP Request,Non HTTP response code: java.net.SocketTimeoutException,Non HTTP response message: Read timed out,Thread Group 115-1,text,false,,2690,0,1,141,0,0,1
1492747312558,1503,HTTP Request,Non HTTP response code: java.net.SocketTimeoutException,Non HTTP response message: Read timed out,Thread Group 111-1,text,false,,2690,0,1,141,0,0,1
1492747312557,1504,HTTP Request,Non HTTP response code: java.net.SocketTimeoutException,Non HTTP response message: Read timed out,Thread Group 87-1,text,false,,2690,0,1,141,0,0,2
1492747312565,1503,HTTP Request,Non HTTP response code: java.net.SocketTimeoutException,Non HTTP response message: Read timed out,Thread Group 89-1,text,false,,2690,0,1,141,0,0,1
1492747312566,1502,HTTP Request,Non HTTP response code: java.net.SocketTimeoutException,Non HTTP response message: Read timed out,Thread Group 95-1,text,false,,2690,0,1,141,0,0,1
1492747312564,1505,HTTP Request,Non HTTP response code: java.net.SocketTimeoutException,Non HTTP response message: Read timed out,Thread Group 91-1,text,false,,2690,0,1,141,0,0,3
1492747312565,1504,HTTP Request,Non HTTP response code: java.net.SocketTimeoutException,Non HTTP response message: Read timed out,Thread Group 92-1,text,false,,2690,0,1,141,0,0,2
1492747312563,1506,HTTP Request,Non HTTP response code: java.net.SocketTimeoutException,Non HTTP response message: Read timed out,Thread Group 9-1,text,false,,2690,0,1,141,0,0,4
1492747312564,1506,HTTP Request,Non HTTP response code: java.net.SocketTimeoutException,Non HTTP response message: Read timed out,Thread Group 141-1,text,false,,2690,0,1,141,0,0,3
1492747312566,1504,HTTP Request,Non HTTP response code: java.net.SocketTimeoutException,Non HTTP response message: Read timed out,Thread Group 137-1,text,false,,2690,0,1,141,0,0,1
1492747312573,1503,HTTP Request,Non HTTP response code: java.net.SocketTimeoutException,Non HTTP response message: Read timed out,Thread Group 125-1,text,false,,2690,0,1,141,0,0,2
1492747312575,1501,HTTP Request,Non HTTP response code: java.net.SocketTimeoutException,Non HTTP response message: Read timed out,Thread Group 98-1,text,false,,2690,0,1,141,0,0,0
1492747312572,1504,HTTP Request,Non HTTP response code: java.net.SocketTimeoutException,Non HTTP response message: Read timed out,Thread Group 97-1,text,false,,2690,0,1,141,0,0,3
1492747312574,1503,HTTP Request,Non HTTP response code: java.net.SocketTimeoutException,Non HTTP response message: Read timed out,Thread Group 133-1,text,false,,2690,0,1,141,0,0,1
1492747312573,1504,HTTP Request,Non HTTP response code: java.net.SocketTimeoutException,Non HTTP response message: Read timed out,Thread Group 123-1,text,false,,2690,0,1,141,0,0,2
1492747312574,1504,HTTP Request,Non HTTP response code: java.net.SocketTimeoutException,Non HTTP response message: Read timed out,Thread Group 128-1,text,false,,2690,0,1,141,0,0,1
1492747312572,1506,HTTP Request,Non HTTP response code: java.net.SocketTimeoutException,Non HTTP response message: Read timed out,Thread Group 84-1,text,false,,2690,0,1,141,0,0,4
1492747312600,1502,HTTP Request,Non HTTP response code: java.net.SocketTimeoutException,Non HTTP response message: Read timed out,Thread Group 50-1,text,false,,2690,0,1,141,0,0,0
1492747312600,1503,HTTP Request,Non HTTP response code: java.net.SocketTimeoutException,Non HTTP response message: Read timed out,Thread Group 112-1,text,false,,2690,0,1,141,0,0,0
1492747312599,1504,HTTP Request,Non HTTP response code: java.net.SocketTimeoutException,Non HTTP response message: Read timed out,Thread Group 42-1,text,false,,2690,0,1,141,0,0,1
1492747312632,1502,HTTP Request,Non HTTP response code: java.net.SocketTimeoutException,Non HTTP response message: Read timed out,Thread Group 56-1,text,false,,2690,0,1,141,0,0,0
1492747312632,1503,HTTP Request,Non HTTP response code: java.net.SocketTimeoutException,Non HTTP response message: Read timed out,Thread Group 37-1,text,false,,2690,0,1,141,0,0,1
1492747312631,1505,HTTP Request,Non HTTP response code: java.net.SocketTimeoutException,Non HTTP response message: Read timed out,Thread Group 10-1,text,false,,2690,0,1,141,0,0,2
1492747312642,1508,HTTP Request,Non HTTP response code: java.net.SocketTimeoutException,Non HTTP response message: Read timed out,Thread Group 44-1,text,false,,2690,0,1,141,0,0,6
1492747312639,1511,HTTP Request,Non HTTP response code: java.net.SocketTimeoutException,Non HTTP response message: Read timed out,Thread Group 80-1,text,false,,2690,0,1,141,0,0,9
1492747312639,1512,HTTP Request,Non HTTP response code: java.net.SocketTimeoutException,Non HTTP response message: Read timed out,Thread Group 7-1,text,false,,2690,0,1,141,0,0,9
1492747312638,1513,HTTP Request,Non HTTP response code: java.net.SocketTimeoutException,Non HTTP response message: Read timed out,Thread Group 6-1,text,false,,2690,0,1,141,0,0,10
1492747312640,1512,HTTP Request,Non HTTP response code: java.net.SocketTimeoutException,Non HTTP response message: Read timed out,Thread Group 110-1,text,false,,2690,0,1,141,0,0,8
1492747312640,1512,HTTP Request,Non HTTP response code: java.net.SocketTimeoutException,Non HTTP response message: Read timed out,Thread Group 94-1,text,false,,2690,0,1,141,0,0,9
1492747312642,1511,HTTP Request,Non HTTP response code: java.net.SocketTimeoutException,Non HTTP response message: Read timed out,Thread Group 64-1,text,false,,2690,0,1,141,0,0,7
1492747312643,1510,HTTP Request,Non HTTP response code: java.net.SocketTimeoutException,Non HTTP response message: Read timed out,Thread Group 48-1,text,false,,2690,0,1,141,0,0,6
1492747312643,1510,HTTP Request,Non HTTP response code: java.net.SocketTimeoutException,Non HTTP response message: Read timed out,Thread Group 30-1,text,false,,2690,0,1,141,0,0,6
1492747312643,1511,HTTP Request,Non HTTP response code: java.net.SocketTimeoutException,Non HTTP response message: Read timed out,Thread Group 63-1,text,false,,2690,0,1,141,0,0,6
1492747312641,1513,HTTP Request,Non HTTP response code: java.net.SocketTimeoutException,Non HTTP response message: Read timed out,Thread Group 41-1,text,false,,2690,0,1,141,0,0,8
1492747312641,1514,HTTP Request,Non HTTP response code: java.net.SocketTimeoutException,Non HTTP response message: Read timed out,Thread Group 72-1,text,false,,2690,0,1,141,0,0,8
1492747312648,1507,HTTP Request,Non HTTP response code: java.net.SocketTimeoutException,Non HTTP response message: Read timed out,Thread Group 47-1,text,false,,2690,0,1,141,0,0,1
1492747312638,1517,HTTP Request,Non HTTP response code: java.net.SocketTimeoutException,Non HTTP response message: Read timed out,Thread Group 99-1,text,false,,2690,0,1,141,0,0,11
1492747312656,1511,HTTP Request,Non HTTP response code: java.net.SocketTimeoutException,Non HTTP response message: Read timed out,Thread Group 51-1,text,false,,2690,0,1,141,0,0,9
1492747312655,1513,HTTP Request,Non HTTP response code: java.net.SocketTimeoutException,Non HTTP response message: Read timed out,Thread Group 5-1,text,false,,2690,0,1,141,0,0,10
1492747312651,1517,HTTP Request,Non HTTP response code: java.net.SocketTimeoutException,Non HTTP response message: Read timed out,Thread Group 53-1,text,false,,2690,0,1,141,0,0,15
1492747312652,1517,HTTP Request,Non HTTP response code: java.net.SocketTimeoutException,Non HTTP response message: Read timed out,Thread Group 67-1,text,false,,2690,0,1,141,0,0,14
1492747312662,1507,HTTP Request,Non HTTP response code: java.net.SocketTimeoutException,Non HTTP response message: Read timed out,Thread Group 27-1,text,false,,2690,0,1,141,0,0,4
1492747312664,1505,HTTP Request,Non HTTP response code: java.net.SocketTimeoutException,Non HTTP response message: Read timed out,Thread Group 139-1,text,false,,2690,0,1,141,0,0,2
1492747312662,1508,HTTP Request,Non HTTP response code: java.net.SocketTimeoutException,Non HTTP response message: Read timed out,Thread Group 105-1,text,false,,2690,0,1,141,0,0,4
1492747312653,1517,HTTP Request,Non HTTP response code: java.net.SocketTimeoutException,Non HTTP response message: Read timed out,Thread Group 124-1,text,false,,2690,0,1,141,0,0,13
1492747312652,1519,HTTP Request,Non HTTP response code: java.net.SocketTimeoutException,Non HTTP response message: Read timed out,Thread Group 34-1,text,false,,2690,0,1,141,0,0,14
1492747312660,1511,HTTP Request,Non HTTP response code: java.net.SocketTimeoutException,Non HTTP response message: Read timed out,Thread Group 55-1,text,false,,2690,0,1,141,0,0,6
1492747312661,1511,HTTP Request,Non HTTP response code: java.net.SocketTimeoutException,Non HTTP response message: Read timed out,Thread Group 90-1,text,false,,2690,0,1,141,0,0,6
1492747312656,1516,HTTP Request,Non HTTP response code: java.net.SocketTimeoutException,Non HTTP response message: Read timed out,Thread Group 21-1,text,false,,2690,0,1,141,0,0,11
1492747312663,1509,HTTP Request,Non HTTP response code: java.net.SocketTimeoutException,Non HTTP response message: Read timed out,Thread Group 52-1,text,false,,2690,0,1,141,0,0,4
1492747312661,1512,HTTP Request,Non HTTP response code: java.net.SocketTimeoutException,Non HTTP response message: Read timed out,Thread Group 11-1,text,false,,2690,0,1,141,0,0,6
1492747312659,1514,HTTP Request,Non HTTP response code: java.net.SocketTimeoutException,Non HTTP response message: Read timed out,Thread Group 96-1,text,false,,2690,0,1,141,0,0,8
1492747312651,1523,HTTP Request,Non HTTP response code: java.net.SocketTimeoutException,Non HTTP response message: Read timed out,Thread Group 120-1,text,false,,2690,0,1,141,0,0,16
1492747312658,1516,HTTP Request,Non HTTP response code: java.net.SocketTimeoutException,Non HTTP response message: Read timed out,Thread Group 127-1,text,false,,2690,0,1,141,0,0,9
1492747312654,1521,HTTP Request,Non HTTP response code: java.net.SocketTimeoutException,Non HTTP response message: Read timed out,Thread Group 66-1,text,false,,2690,0,1,141,0,0,13
1492747312653,1522,HTTP Request,Non HTTP response code: java.net.SocketTimeoutException,Non HTTP response message: Read timed out,Thread Group 134-1,text,false,,2690,0,1,141,0,0,15
1492747312655,1521,HTTP Request,Non HTTP response code: java.net.SocketTimeoutException,Non HTTP response message: Read timed out,Thread Group 118-1,text,false,,2690,0,1,141,0,0,13
1492747312663,1513,HTTP Request,Non HTTP response code: java.net.SocketTimeoutException,Non HTTP response message: Read timed out,Thread Group 138-1,text,false,,2690,0,1,141,0,0,5
1492747312654,1523,HTTP Request,Non HTTP response code: java.net.SocketTimeoutException,Non HTTP response message: Read timed out,Thread Group 75-1,text,false,,2690,0,1,141,0,0,14
1492747312663,1514,HTTP Request,Non HTTP response code: java.net.SocketTimeoutException,Non HTTP response message: Read timed out,Thread Group 58-1,text,false,,2690,0,1,141,0,0,5
1492747312659,1519,HTTP Request,Non HTTP response code: java.net.SocketTimeoutException,Non HTTP response message: Read timed out,Thread Group 131-1,text,false,,2690,0,1,141,0,0,9
1492747312654,1524,HTTP Request,Non HTTP response code: java.net.SocketTimeoutException,Non HTTP response message: Read timed out,Thread Group 70-1,text,false,,2690,0,1,141,0,0,14
1492747312665,1513,HTTP Request,Non HTTP response code: java.net.SocketTimeoutException,Non HTTP response message: Read timed out,Thread Group 116-1,text,false,,2690,0,1,141,0,0,3
1492747312658,1521,HTTP Request,Non HTTP response code: java.net.SocketTimeoutException,Non HTTP response message: Read timed out,Thread Group 36-1,text,false,,2690,0,1,141,0,0,11
1492747312650,1529,HTTP Request,Non HTTP response code: java.net.SocketTimeoutException,Non HTTP response message: Read timed out,Thread Group 18-1,text,false,,2690,0,1,141,0,0,19
1492747312657,1523,HTTP Request,Non HTTP response code: java.net.SocketTimeoutException,Non HTTP response message: Read timed out,Thread Group 15-1,text,false,,2690,0,1,141,0,0,12
1492747312650,1530,HTTP Request,Non HTTP response code: java.net.SocketTimeoutException,Non HTTP response message: Read timed out,Thread Group 60-1,text,false,,2690,0,1,141,0,0,19
1492747312661,1519,HTTP Request,Non HTTP response code: java.net.SocketTimeoutException,Non HTTP response message: Read timed out,Thread Group 35-1,text,false,,2690,0,1,141,0,0,8
1492747312665,1516,HTTP Request,Non HTTP response code: java.net.SocketTimeoutException,Non HTTP response message: Read timed out,Thread Group 130-1,text,false,,2690,0,1,141,0,0,4
1492747312657,1527,HTTP Request,Non HTTP response code: java.net.SocketTimeoutException,Non HTTP response message: Read timed out,Thread Group 81-1,text,false,,2690,0,1,141,0,0,12
1492747312660,1524,HTTP Request,Non HTTP response code: java.net.SocketTimeoutException,Non HTTP response message: Read timed out,Thread Group 76-1,text,false,,2690,0,1,141,0,0,5
1492747312664,1507,HTTP Request,Non HTTP response code: java.net.SocketTimeoutException,Non HTTP response message: Read timed out,Thread Group 88-1,text,false,,2690,0,1,141,0,0,2
1492747313242,1504,HTTP Request,Non HTTP response code: java.net.SocketTimeoutException,Non HTTP response message: Read timed out,Thread Group 32-1,text,false,,2690,0,1,141,0,0,2
1492747313243,1504,HTTP Request,Non HTTP response code: java.net.SocketTimeoutException,Non HTTP response message: Read timed out,Thread Group 71-1,text,false,,2690,0,1,141,0,0,1
1492747313239,1508,HTTP Request,Non HTTP response code: java.net.SocketTimeoutException,Non HTTP response message: Read timed out,Thread Group 113-1,text,false,,2690,0,1,141,0,0,5
1492747313241,1507,HTTP Request,Non HTTP response code: java.net.SocketTimeoutException,Non HTTP response message: Read timed out,Thread Group 26-1,text,false,,2690,0,1,141,0,0,3
1492747313240,1508,HTTP Request,Non HTTP response code: java.net.SocketTimeoutException,Non HTTP response message: Read timed out,Thread Group 13-1,text,false,,2690,0,1,141,0,0,4
1492747313241,1508,HTTP Request,Non HTTP response code: java.net.SocketTimeoutException,Non HTTP response message: Read timed out,Thread Group 31-1,text,false,,2690,0,1,141,0,0,3
1492747313239,1510,HTTP Request,Non HTTP response code: java.net.SocketTimeoutException,Non HTTP response message: Read timed out,Thread Group 135-1,text,false,,2690,0,1,141,0,0,5
1492747313241,1509,HTTP Request,Non HTTP response code: java.net.SocketTimeoutException,Non HTTP response message: Read timed out,Thread Group 106-1,text,false,,2690,0,1,141,0,0,3
1492747313234,1516,HTTP Request,Non HTTP response code: java.net.SocketTimeoutException,Non HTTP response message: Read timed out,Thread Group 126-1,text,false,,2690,0,1,141,0,0,11
1492747313233,1518,HTTP Request,Non HTTP response code: java.net.SocketTimeoutException,Non HTTP response message: Read timed out,Thread Group 93-1,text,false,,2690,0,1,141,0,0,12
1492747313229,1522,HTTP Request,Non HTTP response code: java.net.SocketTimeoutException,Non HTTP response message: Read timed out,Thread Group 28-1,text,false,,2690,0,1,141,0,0,16
1492747313239,1513,HTTP Request,Non HTTP response code: java.net.SocketTimeoutException,Non HTTP response message: Read timed out,Thread Group 79-1,text,false,,2690,0,1,141,0,0,6
1492747313242,1510,HTTP Request,Non HTTP response code: java.net.SocketTimeoutException,Non HTTP response message: Read timed out,Thread Group 117-1,text,false,,2690,0,1,141,0,0,3
1492747313238,1515,HTTP Request,Non HTTP response code: java.net.SocketTimeoutException,Non HTTP response message: Read timed out,Thread Group 49-1,text,false,,2690,0,1,141,0,0,7
1492747313233,1520,HTTP Request,Non HTTP response code: java.net.SocketTimeoutException,Non HTTP response message: Read timed out,Thread Group 132-1,text,false,,2690,0,1,141,0,0,12
1492747313237,1517,HTTP Request,Non HTTP response code: java.net.SocketTimeoutException,Non HTTP response message: Read timed out,Thread Group 22-1,text,false,,2690,0,1,141,0,0,8
1492747313232,1522,HTTP Request,Non HTTP response code: java.net.SocketTimeoutException,Non HTTP response message: Read timed out,Thread Group 136-1,text,false,,2690,0,1,141,0,0,14
1492747313229,1526,HTTP Request,Non HTTP response code: java.net.SocketTimeoutException,Non HTTP response message: Read timed out,Thread Group 121-1,text,false,,2690,0,1,141,0,0,17
1492747313232,1523,HTTP Request,Non HTTP response code: java.net.SocketTimeoutException,Non HTTP response message: Read timed out,Thread Group 43-1,text,false,,2690,0,1,141,0,0,14
1492747313238,1518,HTTP Request,Non HTTP response code: java.net.SocketTimeoutException,Non HTTP response message: Read timed out,Thread Group 4-1,text,false,,2690,0,1,141,0,0,8
1492747313231,1525,HTTP Request,Non HTTP response code: java.net.SocketTimeoutException,Non HTTP response message: Read timed out,Thread Group 46-1,text,false,,2690,0,1,141,0,0,15
1492747313229,1527,HTTP Request,Non HTTP response code: java.net.SocketTimeoutException,Non HTTP response message: Read timed out,Thread Group 122-1,text,false,,2690,0,1,141,0,0,17
1492747313236,1521,HTTP Request,Non HTTP response code: java.net.SocketTimeoutException,Non HTTP response message: Read timed out,Thread Group 86-1,text,false,,2690,0,1,141,0,0,10
1492747313237,1520,HTTP Request,Non HTTP response code: java.net.SocketTimeoutException,Non HTTP response message: Read timed out,Thread Group 140-1,text,false,,2690,0,1,141,0,0,9
1492747313235,1523,HTTP Request,Non HTTP response code: java.net.SocketTimeoutException,Non HTTP response message: Read timed out,Thread Group 29-1,text,false,,2690,0,1,141,0,0,12
1492747313235,1523,HTTP Request,Non HTTP response code: java.net.SocketTimeoutException,Non HTTP response message: Read timed out,Thread Group 14-1,text,false,,2690,0,1,141,0,0,12
1492747313243,1516,HTTP Request,Non HTTP response code: java.net.SocketTimeoutException,Non HTTP response message: Read timed out,Thread Group 16-1,text,false,,2690,0,1,141,0,0,4
1492747313234,1525,HTTP Request,Non HTTP response code: java.net.SocketTimeoutException,Non HTTP response message: Read timed out,Thread Group 8-1,text,false,,2690,0,1,141,0,0,13
1492747313231,1528,HTTP Request,Non HTTP response code: java.net.SocketTimeoutException,Non HTTP response message: Read timed out,Thread Group 19-1,text,false,,2690,0,1,141,0,0,16
1492747313236,1524,HTTP Request,Non HTTP response code: java.net.SocketTimeoutException,Non HTTP response message: Read timed out,Thread Group 102-1,text,false,,2690,0,1,141,0,0,11
1492747313243,1517,HTTP Request,Non HTTP response code: java.net.SocketTimeoutException,Non HTTP response message: Read timed out,Thread Group 78-1,text,false,,2690,0,1,141,0,0,4
1492747313228,1533,HTTP Request,Non HTTP response code: java.net.SocketTimeoutException,Non HTTP response message: Read timed out,Thread Group 40-1,text,false,,2690,0,1,141,0,0,20
1492747313240,1521,HTTP Request,Non HTTP response code: java.net.SocketTimeoutException,Non HTTP response message: Read timed out,Thread Group 109-1,text,false,,2690,0,1,141,0,0,3
1492747313230,1531,HTTP Request,Non HTTP response code: java.net.SocketTimeoutException,Non HTTP response message: Read timed out,Thread Group 129-1,text,false,,2690,0,1,141,0,0,17
1492747313226,1536,HTTP Request,Non HTTP response code: java.net.SocketTimeoutException,Non HTTP response message: Read timed out,Thread Group 25-1,text,false,,2690,0,1,141,0,0,0
1492747313231,1524,HTTP Request,Non HTTP response code: java.net.SocketTimeoutException,Non HTTP response message: Read timed out,Thread Group 73-1,text,false,,2690,0,1,141,0,0,15
1492747313425,1502,HTTP Request,Non HTTP response code: java.net.SocketTimeoutException,Non HTTP response message: Read timed out,Thread Group 101-1,text,false,,2690,0,1,141,0,0,0
1492747313509,1502,HTTP Request,Non HTTP response code: java.net.SocketTimeoutException,Non HTTP response message: Read timed out,Thread Group 74-1,text,false,,2690,0,1,141,0,0,0
1492747313550,1502,HTTP Request,Non HTTP response code: java.net.SocketTimeoutException,Non HTTP response message: Read timed out,Thread Group 103-1,text,false,,2690,0,1,141,0,0,0
1492747313626,1502,HTTP Request,Non HTTP response code: java.net.SocketTimeoutException,Non HTTP response message: Read timed out,Thread Group 2-1,text,false,,2690,0,1,141,0,0,1
1492747313626,1503,HTTP Request,Non HTTP response code: java.net.SocketTimeoutException,Non HTTP response message: Read timed out,Thread Group 57-1,text,false,,2690,0,1,141,0,0,1
1492747313625,1505,HTTP Request,Non HTTP response code: java.net.SocketTimeoutException,Non HTTP response message: Read timed out,Thread Group 69-1,text,false,,2690,0,1,141,0,0,1
1492747313664,1506,HTTP Request,Non HTTP response code: java.net.SocketTimeoutException,Non HTTP response message: Read timed out,Thread Group 62-1,text,false,,2690,0,1,141,0,0,4
1492747313663,1507,HTTP Request,Non HTTP response code: java.net.SocketTimeoutException,Non HTTP response message: Read timed out,Thread Group 65-1,text,false,,2690,0,1,141,0,0,5
1492747313820,1502,HTTP Request,Non HTTP response code: java.net.SocketTimeoutException,Non HTTP response message: Read timed out,Thread Group 104-1,text,false,,2690,0,1,141,0,0,0
1492747314019,1502,HTTP Request,Non HTTP response code: java.net.SocketTimeoutException,Non HTTP response message: Read timed out,Thread Group 20-1,text,false,,2690,0,1,141,0,0,1
1492747314019,1504,HTTP Request,Non HTTP response code: java.net.SocketTimeoutException,Non HTTP response message: Read timed out,Thread Group 1-1,text,false,,2690,0,1,141,0,0,1
1492747314018,1505,HTTP Request,Non HTTP response code: java.net.SocketTimeoutException,Non HTTP response message: Read timed out,Thread Group 24-1,text,false,,2690,0,1,141,0,0,2
1492747314019,1505,HTTP Request,Non HTTP response code: java.net.SocketTimeoutException,Non HTTP response message: Read timed out,Thread Group 39-1,text,false,,2690,0,1,141,0,0,1
1492747314017,1507,HTTP Request,Non HTTP response code: java.net.SocketTimeoutException,Non HTTP response message: Read timed out,Thread Group 3-1,text,false,,2690,0,1,141,0,0,3
1492747314018,1506,HTTP Request,Non HTTP response code: java.net.SocketTimeoutException,Non HTTP response message: Read timed out,Thread Group 77-1,text,false,,2690,0,1,141,0,0,2
1492747314028,1504,HTTP Request,Non HTTP response code: java.net.SocketTimeoutException,Non HTTP response message: Read timed out,Thread Group 45-1,text,false,,2690,0,1,141,0,0,3
1492747314030,1502,HTTP Request,Non HTTP response code: java.net.SocketTimeoutException,Non HTTP response message: Read timed out,Thread Group 17-1,text,false,,2690,0,1,141,0,0,1
1492747314027,1509,HTTP Request,Non HTTP response code: java.net.SocketTimeoutException,Non HTTP response message: Read timed out,Thread Group 12-1,text,false,,2690,0,1,141,0,0,5
1492747314031,1505,HTTP Request,Non HTTP response code: java.net.SocketTimeoutException,Non HTTP response message: Read timed out,Thread Group 85-1,text,false,,2690,0,1,141,0,0,1
1492747314029,1507,HTTP Request,Non HTTP response code: java.net.SocketTimeoutException,Non HTTP response message: Read timed out,Thread Group 33-1,text,false,,2690,0,1,141,0,0,3
1492747314029,1508,HTTP Request,Non HTTP response code: java.net.SocketTimeoutException,Non HTTP response message: Read timed out,Thread Group 38-1,text,false,,2690,0,1,141,0,0,3
1492747314030,1507,HTTP Request,Non HTTP response code: java.net.SocketTimeoutException,Non HTTP response message: Read timed out,Thread Group 82-1,text,false,,2690,0,1,141,0,0,2
1492747314031,1507,HTTP Request,Non HTTP response code: java.net.SocketTimeoutException,Non HTTP response message: Read timed out,Thread Group 54-1,text,false,,2690,0,1,141,0,0,1
1492747314028,1510,HTTP Request,Non HTTP response code: java.net.SocketTimeoutException,Non HTTP response message: Read timed out,Thread Group 59-1,text,false,,2690,0,1,141,0,0,4
1492747314030,1508,HTTP Request,Non HTTP response code: java.net.SocketTimeoutException,Non HTTP response message: Read timed out,Thread Group 83-1,text,false,,2690,0,1,141,0,0,1
1492747314027,1512,HTTP Request,Non HTTP response code: java.net.SocketTimeoutException,Non HTTP response message: Read timed out,Thread Group 23-1,text,false,,2690,0,1,141,0,0,5
1492747314026,1513,HTTP Request,Non HTTP response code: java.net.SocketTimeoutException,Non HTTP response message: Read timed out,Thread Group 61-1,text,false,,2690,0,1,141,0,0,7
1492747314026,1514,HTTP Request,Non HTTP response code: java.net.SocketTimeoutException,Non HTTP response message: Read timed out,Thread Group 68-1,text,false,,2690,0,1,141,0,0,7
1492747314055,1502,HTTP Request,Non HTTP response code: java.net.SocketTimeoutException,Non HTTP response message: Read timed out,Thread Group 108-1,text,false,,2690,0,1,141,0,0,1
1492747314055,1503,HTTP Request,Non HTTP response code: java.net.SocketTimeoutException,Non HTTP response message: Read timed out,Thread Group 107-1,text,false,,2690,0,1,141,0,0,1
1492747314054,1505,HTTP Request,Non HTTP response code: java.net.SocketTimeoutException,Non HTTP response message: Read timed out,Thread Group 114-1,text,false,,2690,0,1,141,0,0,2
1492747314058,1502,HTTP Request,Non HTTP response code: java.net.SocketTimeoutException,Non HTTP response message: Read timed out,Thread Group 100-1,text,false,,2690,0,1,141,0,0,0
1492747314060,1503,HTTP Request,Non HTTP response code: java.net.SocketTimeoutException,Non HTTP response message: Read timed out,Thread Group 115-1,text,false,,2690,0,1,141,0,0,1
1492747314061,1503,HTTP Request,Non HTTP response code: java.net.SocketTimeoutException,Non HTTP response message: Read timed out,Thread Group 111-1,text,false,,2690,0,1,141,0,0,1
1492747314061,1503,HTTP Request,Non HTTP response code: java.net.SocketTimeoutException,Non HTTP response message: Read timed out,Thread Group 87-1,text,false,,2690,0,1,141,0,0,1
1492747314060,1504,HTTP Request,Non HTTP response code: java.net.SocketTimeoutException,Non HTTP response message: Read timed out,Thread Group 119-1,text,false,,2690,0,1,141,0,0,2
1492747314070,1502,HTTP Request,Non HTTP response code: java.net.SocketTimeoutException,Non HTTP response message: Read timed out,Thread Group 141-1,text,false,,2690,0,1,141,0,0,1
1492747314070,1502,HTTP Request,Non HTTP response code: java.net.SocketTimeoutException,Non HTTP response message: Read timed out,Thread Group 137-1,text,false,,2690,0,1,141,0,0,1
1492747314068,1505,HTTP Request,Non HTTP response code: java.net.SocketTimeoutException,Non HTTP response message: Read timed out,Thread Group 95-1,text,false,,2690,0,1,141,0,0,3
1492747314069,1504,HTTP Request,Non HTTP response code: java.net.SocketTimeoutException,Non HTTP response message: Read timed out,Thread Group 91-1,text,false,,2690,0,1,141,0,0,2
1492747314070,1504,HTTP Request,Non HTTP response code: java.net.SocketTimeoutException,Non HTTP response message: Read timed out,Thread Group 9-1,text,false,,2690,0,1,141,0,0,1
1492747314069,1505,HTTP Request,Non HTTP response code: java.net.SocketTimeoutException,Non HTTP response message: Read timed out,Thread Group 92-1,text,false,,2690,0,1,141,0,0,2
1492747314068,1507,HTTP Request,Non HTTP response code: java.net.SocketTimeoutException,Non HTTP response message: Read timed out,Thread Group 89-1,text,false,,2690,0,1,141,0,0,3
1492747314077,1503,HTTP Request,Non HTTP response code: java.net.SocketTimeoutException,Non HTTP response message: Read timed out,Thread Group 97-1,text,false,,2690,0,1,141,0,0,2
1492747314078,1502,HTTP Request,Non HTTP response code: java.net.SocketTimeoutException,Non HTTP response message: Read timed out,Thread Group 123-1,text,false,,2690,0,1,141,0,0,1
1492747314078,1503,HTTP Request,Non HTTP response code: java.net.SocketTimeoutException,Non HTTP response message: Read timed out,Thread Group 84-1,text,false,,2690,0,1,141,0,0,1
1492747314076,1505,HTTP Request,Non HTTP response code: java.net.SocketTimeoutException,Non HTTP response message: Read timed out,Thread Group 98-1,text,false,,2690,0,1,141,0,0,3
1492747314077,1505,HTTP Request,Non HTTP response code: java.net.SocketTimeoutException,Non HTTP response message: Read timed out,Thread Group 133-1,text,false,,2690,0,1,141,0,0,2
1492747314078,1504,HTTP Request,Non HTTP response code: java.net.SocketTimeoutException,Non HTTP response message: Read timed out,Thread Group 128-1,text,false,,2690,0,1,141,0,0,1
1492747314076,1507,HTTP Request,Non HTTP response code: java.net.SocketTimeoutException,Non HTTP response message: Read timed out,Thread Group 125-1,text,false,,2690,0,1,141,0,0,3
1492747314103,1507,HTTP Request,Non HTTP response code: java.net.SocketTimeoutException,Non HTTP response message: Read timed out,Thread Group 112-1,text,false,,2690,0,1,141,0,0,5
1492747314108,1503,HTTP Request,Non HTTP response code: java.net.SocketTimeoutException,Non HTTP response message: Read timed out,Thread Group 42-1,text,false,,2690,0,1,141,0,0,0
1492747314102,1509,HTTP Request,Non HTTP response code: java.net.SocketTimeoutException,Non HTTP response message: Read timed out,Thread Group 50-1,text,false,,2690,0,1,141,0,0,6
1492747314135,1503,HTTP Request,Non HTTP response code: java.net.SocketTimeoutException,Non HTTP response message: Read timed out,Thread Group 37-1,text,false,,2690,0,1,141,0,0,1
1492747314136,1503,HTTP Request,Non HTTP response code: java.net.SocketTimeoutException,Non HTTP response message: Read timed out,Thread Group 10-1,text,false,,2690,0,1,141,0,0,0
1492747314135,1504,HTTP Request,Non HTTP response code: java.net.SocketTimeoutException,Non HTTP response message: Read timed out,Thread Group 56-1,text,false,,2690,0,1,141,0,0,1
1492747314154,1504,HTTP Request,Non HTTP response code: java.net.SocketTimeoutException,Non HTTP response message: Read timed out,Thread Group 63-1,text,false,,2690,0,1,141,0,0,2
1492747314155,1504,HTTP Request,Non HTTP response code: java.net.SocketTimeoutException,Non HTTP response message: Read timed out,Thread Group 72-1,text,false,,2690,0,1,141,0,0,1
1492747314155,1504,HTTP Request,Non HTTP response code: java.net.SocketTimeoutException,Non HTTP response message: Read timed out,Thread Group 47-1,text,false,,2690,0,1,141,0,0,1
1492747314154,1506,HTTP Request,Non HTTP response code: java.net.SocketTimeoutException,Non HTTP response message: Read timed out,Thread Group 30-1,text,false,,2690,0,1,141,0,0,3
1492747314153,1507,HTTP Request,Non HTTP response code: java.net.SocketTimeoutException,Non HTTP response message: Read timed out,Thread Group 48-1,text,false,,2690,0,1,141,0,0,4
1492747314156,1504,HTTP Request,Non HTTP response code: java.net.SocketTimeoutException,Non HTTP response message: Read timed out,Thread Group 99-1,text,false,,2690,0,1,141,0,0,1
1492747314151,1510,HTTP Request,Non HTTP response code: java.net.SocketTimeoutException,Non HTTP response message: Read timed out,Thread Group 7-1,text,false,,2690,0,1,141,0,0,6
1492747314152,1509,HTTP Request,Non HTTP response code: java.net.SocketTimeoutException,Non HTTP response message: Read timed out,Thread Group 110-1,text,false,,2690,0,1,141,0,0,5
1492747314156,1505,HTTP Request,Non HTTP response code: java.net.SocketTimeoutException,Non HTTP response message: Read timed out,Thread Group 6-1,text,false,,2690,0,1,141,0,0,1
1492747314153,1509,HTTP Request,Non HTTP response code: java.net.SocketTimeoutException,Non HTTP response message: Read timed out,Thread Group 64-1,text,false,,2690,0,1,141,0,0,4
1492747314152,1510,HTTP Request,Non HTTP response code: java.net.SocketTimeoutException,Non HTTP response message: Read timed out,Thread Group 94-1,text,false,,2690,0,1,141,0,0,5
1492747314151,1512,HTTP Request,Non HTTP response code: java.net.SocketTimeoutException,Non HTTP response message: Read timed out,Thread Group 80-1,text,false,,2690,0,1,141,0,0,6
1492747314150,1513,HTTP Request,Non HTTP response code: java.net.SocketTimeoutException,Non HTTP response message: Read timed out,Thread Group 44-1,text,false,,2690,0,1,141,0,0,8
1492747314154,1509,HTTP Request,Non HTTP response code: java.net.SocketTimeoutException,Non HTTP response message: Read timed out,Thread Group 41-1,text,false,,2690,0,1,141,0,0,3
1492747314173,1515,HTTP Request,Non HTTP response code: java.net.SocketTimeoutException,Non HTTP response message: Read timed out,Thread Group 11-1,text,false,,2690,0,1,141,0,0,13
1492747314181,1507,HTTP Request,Non HTTP response code: java.net.SocketTimeoutException,Non HTTP response message: Read timed out,Thread Group 130-1,text,false,,2690,0,1,141,0,0,5
1492747314179,1510,HTTP Request,Non HTTP response code: java.net.SocketTimeoutException,Non HTTP response message: Read timed out,Thread Group 116-1,text,false,,2690,0,1,141,0,0,7
1492747314177,1512,HTTP Request,Non HTTP response code: java.net.SocketTimeoutException,Non HTTP response message: Read timed out,Thread Group 58-1,text,false,,2690,0,1,141,0,0,9
1492747314170,1519,HTTP Request,Non HTTP response code: java.net.SocketTimeoutException,Non HTTP response message: Read timed out,Thread Group 139-1,text,false,,2690,0,1,141,0,0,16
1492747314173,1517,HTTP Request,Non HTTP response code: java.net.SocketTimeoutException,Non HTTP response message: Read timed out,Thread Group 52-1,text,false,,2690,0,1,141,0,0,13
1492747314170,1520,HTTP Request,Non HTTP response code: java.net.SocketTimeoutException,Non HTTP response message: Read timed out,Thread Group 124-1,text,false,,2690,0,1,141,0,0,16
1492747314180,1511,HTTP Request,Non HTTP response code: java.net.SocketTimeoutException,Non HTTP response message: Read timed out,Thread Group 15-1,text,false,,2690,0,1,141,0,0,6
1492747314181,1510,HTTP Request,Non HTTP response code: java.net.SocketTimeoutException,Non HTTP response message: Read timed out,Thread Group 35-1,text,false,,2690,0,1,141,0,0,6
1492747314171,1521,HTTP Request,Non HTTP response code: java.net.SocketTimeoutException,Non HTTP response message: Read timed out,Thread Group 55-1,text,false,,2690,0,1,141,0,0,16
1492747314172,1520,HTTP Request,Non HTTP response code: java.net.SocketTimeoutException,Non HTTP response message: Read timed out,Thread Group 21-1,text,false,,2690,0,1,141,0,0,15
1492747314169,1523,HTTP Request,Non HTTP response code: java.net.SocketTimeoutException,Non HTTP response message: Read timed out,Thread Group 27-1,text,false,,2690,0,1,141,0,0,18
1492747314179,1514,HTTP Request,Non HTTP response code: java.net.SocketTimeoutException,Non HTTP response message: Read timed out,Thread Group 36-1,text,false,,2690,0,1,141,0,0,8
1492747314178,1515,HTTP Request,Non HTTP response code: java.net.SocketTimeoutException,Non HTTP response message: Read timed out,Thread Group 70-1,text,false,,2690,0,1,141,0,0,9
1492747314174,1519,HTTP Request,Non HTTP response code: java.net.SocketTimeoutException,Non HTTP response message: Read timed out,Thread Group 96-1,text,false,,2690,0,1,141,0,0,13
1492747314180,1514,HTTP Request,Non HTTP response code: java.net.SocketTimeoutException,Non HTTP response message: Read timed out,Thread Group 60-1,text,false,,2690,0,1,141,0,0,8
1492747314172,1522,HTTP Request,Non HTTP response code: java.net.SocketTimeoutException,Non HTTP response message: Read timed out,Thread Group 90-1,text,false,,2690,0,1,141,0,0,16
1492747314171,1524,HTTP Request,Non HTTP response code: java.net.SocketTimeoutException,Non HTTP response message: Read timed out,Thread Group 34-1,text,false,,2690,0,1,141,0,0,17
1492747314179,1516,HTTP Request,Non HTTP response code: java.net.SocketTimeoutException,Non HTTP response message: Read timed out,Thread Group 18-1,text,false,,2690,0,1,141,0,0,9
1492747314178,1518,HTTP Request,Non HTTP response code: java.net.SocketTimeoutException,Non HTTP response message: Read timed out,Thread Group 131-1,text,false,,2690,0,1,141,0,0,10
1492747314184,1512,HTTP Request,Non HTTP response code: java.net.SocketTimeoutException,Non HTTP response message: Read timed out,Thread Group 76-1,text,false,,2690,0,1,141,0,0,4
1492747314184,1512,HTTP Request,Non HTTP response code: java.net.SocketTimeoutException,Non HTTP response message: Read timed out,Thread Group 81-1,text,false,,2690,0,1,141,0,0,4
1492747314168,1529,HTTP Request,Non HTTP response code: java.net.SocketTimeoutException,Non HTTP response message: Read timed out,Thread Group 53-1,text,false,,2690,0,1,141,0,0,21
1492747314177,1520,HTTP Request,Non HTTP response code: java.net.SocketTimeoutException,Non HTTP response message: Read timed out,Thread Group 75-1,text,false,,2690,0,1,141,0,0,12
1492747314168,1529,HTTP Request,Non HTTP response code: java.net.SocketTimeoutException,Non HTTP response message: Read timed out,Thread Group 5-1,text,false,,2690,0,1,141,0,0,21
1492747314175,1523,HTTP Request,Non HTTP response code: java.net.SocketTimeoutException,Non HTTP response message: Read timed out,Thread Group 66-1,text,false,,2690,0,1,141,0,0,14
1492747314176,1522,HTTP Request,Non HTTP response code: java.net.SocketTimeoutException,Non HTTP response message: Read timed out,Thread Group 118-1,text,false,,2690,0,1,141,0,0,13
1492747314174,1525,HTTP Request,Non HTTP response code: java.net.SocketTimeoutException,Non HTTP response message: Read timed out,Thread Group 120-1,text,false,,2690,0,1,141,0,0,15
1492747314175,1524,HTTP Request,Non HTTP response code: java.net.SocketTimeoutException,Non HTTP response message: Read timed out,Thread Group 127-1,text,false,,2690,0,1,141,0,0,14
1492747314185,1515,HTTP Request,Non HTTP response code: java.net.SocketTimeoutException,Non HTTP response message: Read timed out,Thread Group 134-1,text,false,,2690,0,1,141,0,0,4
1492747314167,1533,HTTP Request,Non HTTP response code: java.net.SocketTimeoutException,Non HTTP response message: Read timed out,Thread Group 51-1,text,false,,2690,0,1,141,0,0,23
1492747314170,1521,HTTP Request,Non HTTP response code: java.net.SocketTimeoutException,Non HTTP response message: Read timed out,Thread Group 105-1,text,false,,2690,0,1,141,0,0,17
1492747314176,1523,HTTP Request,Non HTTP response code: java.net.SocketTimeoutException,Non HTTP response message: Read timed out,Thread Group 138-1,text,false,,2690,0,1,141,0,0,13
1492747314185,1510,HTTP Request,Non HTTP response code: java.net.SocketTimeoutException,Non HTTP response message: Read timed out,Thread Group 88-1,text,false,,2690,0,1,141,0,0,3
1492747314169,1518,HTTP Request,Non HTTP response code: java.net.SocketTimeoutException,Non HTTP response message: Read timed out,Thread Group 67-1,text,false,,2690,0,1,141,0,0,16
1492747314756,1510,HTTP Request,Non HTTP response code: java.net.SocketTimeoutException,Non HTTP response message: Read timed out,Thread Group 4-1,text,false,,2690,0,1,141,0,0,8
1492747314762,1505,HTTP Request,Non HTTP response code: java.net.SocketTimeoutException,Non HTTP response message: Read timed out,Thread Group 25-1,text,false,,2690,0,1,141,0,0,3
1492747314748,1520,HTTP Request,Non HTTP response code: java.net.SocketTimeoutException,Non HTTP response message: Read timed out,Thread Group 26-1,text,false,,2690,0,1,141,0,0,17
1492747314757,1511,HTTP Request,Non HTTP response code: java.net.SocketTimeoutException,Non HTTP response message: Read timed out,Thread Group 122-1,text,false,,2690,0,1,141,0,0,8
1492747314759,1510,HTTP Request,Non HTTP response code: java.net.SocketTimeoutException,Non HTTP response message: Read timed out,Thread Group 8-1,text,false,,2690,0,1,141,0,0,6
1492747314758,1511,HTTP Request,Non HTTP response code: java.net.SocketTimeoutException,Non HTTP response message: Read timed out,Thread Group 14-1,text,false,,2690,0,1,141,0,0,7
1492747314759,1511,HTTP Request,Non HTTP response code: java.net.SocketTimeoutException,Non HTTP response message: Read timed out,Thread Group 16-1,text,false,,2690,0,1,141,0,0,6
1492747314762,1508,HTTP Request,Non HTTP response code: java.net.SocketTimeoutException,Non HTTP response message: Read timed out,Thread Group 129-1,text,false,,2690,0,1,141,0,0,3
1492747314758,1513,HTTP Request,Non HTTP response code: java.net.SocketTimeoutException,Non HTTP response message: Read timed out,Thread Group 29-1,text,false,,2690,0,1,141,0,0,7
1492747314755,1516,HTTP Request,Non HTTP response code: java.net.SocketTimeoutException,Non HTTP response message: Read timed out,Thread Group 43-1,text,false,,2690,0,1,141,0,0,11
1492747314760,1512,HTTP Request,Non HTTP response code: java.net.SocketTimeoutException,Non HTTP response message: Read timed out,Thread Group 102-1,text,false,,2690,0,1,141,0,0,6
1492747314757,1515,HTTP Request,Non HTTP response code: java.net.SocketTimeoutException,Non HTTP response message: Read timed out,Thread Group 86-1,text,false,,2690,0,1,141,0,0,9
1492747314755,1518,HTTP Request,Non HTTP response code: java.net.SocketTimeoutException,Non HTTP response message: Read timed out,Thread Group 121-1,text,false,,2690,0,1,141,0,0,11
1492747314764,1509,HTTP Request,Non HTTP response code: java.net.SocketTimeoutException,Non HTTP response message: Read timed out,Thread Group 19-1,text,false,,2690,0,1,141,0,0,2
1492747314756,1518,HTTP Request,Non HTTP response code: java.net.SocketTimeoutException,Non HTTP response message: Read timed out,Thread Group 46-1,text,false,,2690,0,1,141,0,0,10
1492747314761,1513,HTTP Request,Non HTTP response code: java.net.SocketTimeoutException,Non HTTP response message: Read timed out,Thread Group 40-1,text,false,,2690,0,1,141,0,0,5
1492747314760,1515,HTTP Request,Non HTTP response code: java.net.SocketTimeoutException,Non HTTP response message: Read timed out,Thread Group 78-1,text,false,,2690,0,1,141,0,0,6
1492747314752,1523,HTTP Request,Non HTTP response code: java.net.SocketTimeoutException,Non HTTP response message: Read timed out,Thread Group 79-1,text,false,,2690,0,1,141,0,0,14
1492747314754,1522,HTTP Request,Non HTTP response code: java.net.SocketTimeoutException,Non HTTP response message: Read timed out,Thread Group 136-1,text,false,,2690,0,1,141,0,0,13
1492747314749,1527,HTTP Request,Non HTTP response code: java.net.SocketTimeoutException,Non HTTP response message: Read timed out,Thread Group 31-1,text,false,,2690,0,1,141,0,0,18
1492747314758,1519,HTTP Request,Non HTTP response code: java.net.SocketTimeoutException,Non HTTP response message: Read timed out,Thread Group 140-1,text,false,,2690,0,1,141,0,0,9
1492747314754,1523,HTTP Request,Non HTTP response code: java.net.SocketTimeoutException,Non HTTP response message: Read timed out,Thread Group 22-1,text,false,,2690,0,1,141,0,0,13
1492747314752,1526,HTTP Request,Non HTTP response code: java.net.SocketTimeoutException,Non HTTP response message: Read timed out,Thread Group 117-1,text,false,,2690,0,1,141,0,0,15
1492747314753,1525,HTTP Request,Non HTTP response code: java.net.SocketTimeoutException,Non HTTP response message: Read timed out,Thread Group 49-1,text,false,,2690,0,1,141,0,0,14
1492747314753,1526,HTTP Request,Non HTTP response code: java.net.SocketTimeoutException,Non HTTP response message: Read timed out,Thread Group 132-1,text,false,,2690,0,1,141,0,0,14
1492747314761,1518,HTTP Request,Non HTTP response code: java.net.SocketTimeoutException,Non HTTP response message: Read timed out,Thread Group 109-1,text,false,,2690,0,1,141,0,0,6
1492747314764,1516,HTTP Request,Non HTTP response code: java.net.SocketTimeoutException,Non HTTP response message: Read timed out,Thread Group 73-1,text,false,,2690,0,1,141,0,0,4
1492747314751,1529,HTTP Request,Non HTTP response code: java.net.SocketTimeoutException,Non HTTP response message: Read timed out,Thread Group 93-1,text,false,,2690,0,1,141,0,0,17
1492747314749,1532,HTTP Request,Non HTTP response code: java.net.SocketTimeoutException,Non HTTP response message: Read timed out,Thread Group 135-1,text,false,,2690,0,1,141,0,0,19
1492747314750,1531,HTTP Request,Non HTTP response code: java.net.SocketTimeoutException,Non HTTP response message: Read timed out,Thread Group 106-1,text,false,,2690,0,1,141,0,0,18
1492747314751,1531,HTTP Request,Non HTTP response code: java.net.SocketTimeoutException,Non HTTP response message: Read timed out,Thread Group 28-1,text,false,,2690,0,1,141,0,0,17
1492747314750,1532,HTTP Request,Non HTTP response code: java.net.SocketTimeoutException,Non HTTP response message: Read timed out,Thread Group 126-1,text,false,,2690,0,1,141,0,0,18
1492747314764,1519,HTTP Request,Non HTTP response code: java.net.SocketTimeoutException,Non HTTP response message: Read timed out,Thread Group 113-1,text,false,,2690,0,1,141,0,0,4
1492747314748,1535,HTTP Request,Non HTTP response code: java.net.SocketTimeoutException,Non HTTP response message: Read timed out,Thread Group 13-1,text,false,,2690,0,1,141,0,0,20
1492747314746,1538,HTTP Request,Non HTTP response code: java.net.SocketTimeoutException,Non HTTP response message: Read timed out,Thread Group 32-1,text,false,,2690,0,1,141,0,0,22
1492747314747,1541,HTTP Request,Non HTTP response code: java.net.SocketTimeoutException,Non HTTP response message: Read timed out,Thread Group 71-1,text,false,,2690,0,1,141,0,0,21
1492747314928,1503,HTTP Request,Non HTTP response code: java.net.SocketTimeoutException,Non HTTP response message: Read timed out,Thread Group 101-1,text,false,,2690,0,1,141,0,0,1
1492747315012,1502,HTTP Request,Non HTTP response code: java.net.SocketTimeoutException,Non HTTP response message: Read timed out,Thread Group 74-1,text,false,,2690,0,1,141,0,0,0
1492747315053,1502,HTTP Request,Non HTTP response code: java.net.SocketTimeoutException,Non HTTP response message: Read timed out,Thread Group 103-1,text,false,,2690,0,1,141,0,0,0
1492747315130,1502,HTTP Request,Non HTTP response code: java.net.SocketTimeoutException,Non HTTP response message: Read timed out,Thread Group 57-1,text,false,,2690,0,1,141,0,0,0
1492747315130,1502,HTTP Request,Non HTTP response code: java.net.SocketTimeoutException,Non HTTP response message: Read timed out,Thread Group 69-1,text,false,,2690,0,1,141,0,0,0
1492747315129,1504,HTTP Request,Non HTTP response code: java.net.SocketTimeoutException,Non HTTP response message: Read timed out,Thread Group 2-1,text,false,,2690,0,1,141,0,0,2
1492747315170,1503,HTTP Request,Non HTTP response code: java.net.SocketTimeoutException,Non HTTP response message: Read timed out,Thread Group 62-1,text,false,,2690,0,1,141,0,0,1
1492747315171,1503,HTTP Request,Non HTTP response code: java.net.SocketTimeoutException,Non HTTP response message: Read timed out,Thread Group 65-1,text,false,,2690,0,1,141,0,0,0
1492747315323,1502,HTTP Request,Non HTTP response code: java.net.SocketTimeoutException,Non HTTP response message: Read timed out,Thread Group 104-1,text,false,,2690,0,1,141,0,0,0
1492747315524,1503,HTTP Request,Non HTTP response code: java.net.SocketTimeoutException,Non HTTP response message: Read timed out,Thread Group 3-1,text,false,,2690,0,1,141,0,0,1
1492747315525,1503,HTTP Request,Non HTTP response code: java.net.SocketTimeoutException,Non HTTP response message: Read timed out,Thread Group 77-1,text,false,,2690,0,1,141,0,0,0
1492747315523,1505,HTTP Request,Non HTTP response code: java.net.SocketTimeoutException,Non HTTP response message: Read timed out,Thread Group 1-1,text,false,,2690,0,1,141,0,0,2
1492747315523,1506,HTTP Request,Non HTTP response code: java.net.SocketTimeoutException,Non HTTP response message: Read timed out,Thread Group 24-1,text,false,,2690,0,1,141,0,0,2
1492747315522,1507,HTTP Request,Non HTTP response code: java.net.SocketTimeoutException,Non HTTP response message: Read timed out,Thread Group 20-1,text,false,,2690,0,1,141,0,0,3
1492747315524,1503,HTTP Request,Non HTTP response code: java.net.SocketTimeoutException,Non HTTP response message: Read timed out,Thread Group 39-1,text,false,,2690,0,1,141,0,0,1
1492747315532,1502,HTTP Request,Non HTTP response code: java.net.SocketTimeoutException,Non HTTP response message: Read timed out,Thread Group 45-1,text,false,,2690,0,1,141,0,0,1
1492747315532,1503,HTTP Request,Non HTTP response code: java.net.SocketTimeoutException,Non HTTP response message: Read timed out,Thread Group 17-1,text,false,,2690,0,1,141,0,0,1
1492747315537,1505,HTTP Request,Non HTTP response code: java.net.SocketTimeoutException,Non HTTP response message: Read timed out,Thread Group 33-1,text,false,,2690,0,1,141,0,0,3
1492747315539,1503,HTTP Request,Non HTTP response code: java.net.SocketTimeoutException,Non HTTP response message: Read timed out,Thread Group 83-1,text,false,,2690,0,1,141,0,0,1
1492747315536,1507,HTTP Request,Non HTTP response code: java.net.SocketTimeoutException,Non HTTP response message: Read timed out,Thread Group 85-1,text,false,,2690,0,1,141,0,0,4
1492747315537,1506,HTTP Request,Non HTTP response code: java.net.SocketTimeoutException,Non HTTP response message: Read timed out,Thread Group 38-1,text,false,,2690,0,1,141,0,0,3
1492747315540,1504,HTTP Request,Non HTTP response code: java.net.SocketTimeoutException,Non HTTP response message: Read timed out,Thread Group 68-1,text,false,,2690,0,1,141,0,0,0
1492747315537,1507,HTTP Request,Non HTTP response code: java.net.SocketTimeoutException,Non HTTP response message: Read timed out,Thread Group 82-1,text,false,,2690,0,1,141,0,0,4
1492747315538,1505,HTTP Request,Non HTTP response code: java.net.SocketTimeoutException,Non HTTP response message: Read timed out,Thread Group 54-1,text,false,,2690,0,1,141,0,0,2
1492747315539,1519,HTTP Request,Non HTTP response code: java.net.SocketTimeoutException,Non HTTP response message: Read timed out,Thread Group 61-1,text,false,,2690,0,1,141,0,0,17
1492747315536,1522,HTTP Request,Non HTTP response code: java.net.SocketTimeoutException,Non HTTP response message: Read timed out,Thread Group 12-1,text,false,,2690,0,1,141,0,0,20
1492747315563,1506,HTTP Request,Non HTTP response code: java.net.SocketTimeoutException,Non HTTP response message: Read timed out,Thread Group 115-1,text,false,,2690,0,1,141,0,0,3
1492747315565,1504,HTTP Request,Non HTTP response code: java.net.SocketTimeoutException,Non HTTP response message: Read timed out,Thread Group 119-1,text,false,,2690,0,1,141,0,0,0
1492747315564,1506,HTTP Request,Non HTTP response code: java.net.SocketTimeoutException,Non HTTP response message: Read timed out,Thread Group 111-1,text,false,,2690,0,1,141,0,0,1
1492747315564,1506,HTTP Request,Non HTTP response code: java.net.SocketTimeoutException,Non HTTP response message: Read timed out,Thread Group 87-1,text,false,,2690,0,1,141,0,0,1
1492747315560,1512,HTTP Request,Non HTTP response code: java.net.SocketTimeoutException,Non HTTP response message: Read timed out,Thread Group 100-1,text,false,,2690,0,1,141,0,0,0
1492747315558,1514,HTTP Request,Non HTTP response code: java.net.SocketTimeoutException,Non HTTP response message: Read timed out,Thread Group 108-1,text,false,,2690,0,1,141,0,0,1
1492747315559,1514,HTTP Request,Non HTTP response code: java.net.SocketTimeoutException,Non HTTP response message: Read timed out,Thread Group 114-1,text,false,,2690,0,1,141,0,0,0
1492747315558,1515,HTTP Request,Non HTTP response code: java.net.SocketTimeoutException,Non HTTP response message: Read timed out,Thread Group 107-1,text,false,,2690,0,1,141,0,0,1
1492747315538,1521,HTTP Request,Non HTTP response code: java.net.SocketTimeoutException,Non HTTP response message: Read timed out,Thread Group 59-1,text,false,,2690,0,1,141,0,0,18
1492747315539,1520,HTTP Request,Non HTTP response code: java.net.SocketTimeoutException,Non HTTP response message: Read timed out,Thread Group 23-1,text,false,,2690,0,1,141,0,0,17
1492747315573,1503,HTTP Request,Non HTTP response code: java.net.SocketTimeoutException,Non HTTP response message: Read timed out,Thread Group 91-1,text,false,,2690,0,1,141,0,0,2
1492747315575,1501,HTTP Request,Non HTTP response code: java.net.SocketTimeoutException,Non HTTP response message: Read timed out,Thread Group 89-1,text,false,,2690,0,1,141,0,0,0
1492747315573,1504,HTTP Request,Non HTTP response code: java.net.SocketTimeoutException,Non HTTP response message: Read timed out,Thread Group 95-1,text,false,,2690,0,1,141,0,0,3
1492747315574,1504,HTTP Request,Non HTTP response code: java.net.SocketTimeoutException,Non HTTP response message: Read timed out,Thread Group 92-1,text,false,,2690,0,1,141,0,0,2
1492747315573,1505,HTTP Request,Non HTTP response code: java.net.SocketTimeoutException,Non HTTP response message: Read timed out,Thread Group 137-1,text,false,,2690,0,1,141,0,0,3
1492747315574,1504,HTTP Request,Non HTTP response code: java.net.SocketTimeoutException,Non HTTP response message: Read timed out,Thread Group 9-1,text,false,,2690,0,1,141,0,0,1
1492747315572,1507,HTTP Request,Non HTTP response code: java.net.SocketTimeoutException,Non HTTP response message: Read timed out,Thread Group 141-1,text,false,,2690,0,1,141,0,0,4
1492747315581,1503,HTTP Request,Non HTTP response code: java.net.SocketTimeoutException,Non HTTP response message: Read timed out,Thread Group 98-1,text,false,,2690,0,1,141,0,0,2
1492747315582,1502,HTTP Request,Non HTTP response code: java.net.SocketTimeoutException,Non HTTP response message: Read timed out,Thread Group 128-1,text,false,,2690,0,1,141,0,0,1
1492747315583,1501,HTTP Request,Non HTTP response code: java.net.SocketTimeoutException,Non HTTP response message: Read timed out,Thread Group 125-1,text,false,,2690,0,1,141,0,0,0
1492747315581,1504,HTTP Request,Non HTTP response code: java.net.SocketTimeoutException,Non HTTP response message: Read timed out,Thread Group 84-1,text,false,,2690,0,1,141,0,0,3
1492747315580,1506,HTTP Request,Non HTTP response code: java.net.SocketTimeoutException,Non HTTP response message: Read timed out,Thread Group 97-1,text,false,,2690,0,1,141,0,0,4
1492747315581,1505,HTTP Request,Non HTTP response code: java.net.SocketTimeoutException,Non HTTP response message: Read timed out,Thread Group 123-1,text,false,,2690,0,1,141,0,0,3
1492747315582,1505,HTTP Request,Non HTTP response code: java.net.SocketTimeoutException,Non HTTP response message: Read timed out,Thread Group 133-1,text,false,,2690,0,1,141,0,0,2
1492747315611,1502,HTTP Request,Non HTTP response code: java.net.SocketTimeoutException,Non HTTP response message: Read timed out,Thread Group 50-1,text,false,,2690,0,1,141,0,0,1
1492747315611,1503,HTTP Request,Non HTTP response code: java.net.SocketTimeoutException,Non HTTP response message: Read timed out,Thread Group 42-1,text,false,,2690,0,1,141,0,0,0
1492747315610,1504,HTTP Request,Non HTTP response code: java.net.SocketTimeoutException,Non HTTP response message: Read timed out,Thread Group 112-1,text,false,,2690,0,1,141,0,0,2
1492747315639,1501,HTTP Request,Non HTTP response code: java.net.SocketTimeoutException,Non HTTP response message: Read timed out,Thread Group 56-1,text,false,,2690,0,1,141,0,0,1
1492747315639,1502,HTTP Request,Non HTTP response code: java.net.SocketTimeoutException,Non HTTP response message: Read timed out,Thread Group 10-1,text,false,,2690,0,1,141,0,0,0
1492747315638,1506,HTTP Request,Non HTTP response code: java.net.SocketTimeoutException,Non HTTP response message: Read timed out,Thread Group 37-1,text,false,,2690,0,1,141,0,0,2
1492747315660,1506,HTTP Request,Non HTTP response code: java.net.SocketTimeoutException,Non HTTP response message: Read timed out,Thread Group 30-1,text,false,,2690,0,1,141,0,0,4
1492747315660,1506,HTTP Request,Non HTTP response code: java.net.SocketTimeoutException,Non HTTP response message: Read timed out,Thread Group 99-1,text,false,,2690,0,1,141,0,0,4
1492747315661,1506,HTTP Request,Non HTTP response code: java.net.SocketTimeoutException,Non HTTP response message: Read timed out,Thread Group 7-1,text,false,,2690,0,1,141,0,0,3
1492747315662,1505,HTTP Request,Non HTTP response code: java.net.SocketTimeoutException,Non HTTP response message: Read timed out,Thread Group 6-1,text,false,,2690,0,1,141,0,0,2
1492747315663,1505,HTTP Request,Non HTTP response code: java.net.SocketTimeoutException,Non HTTP response message: Read timed out,Thread Group 44-1,text,false,,2690,0,1,141,0,0,1
1492747315661,1507,HTTP Request,Non HTTP response code: java.net.SocketTimeoutException,Non HTTP response message: Read timed out,Thread Group 110-1,text,false,,2690,0,1,141,0,0,4
1492747315662,1506,HTTP Request,Non HTTP response code: java.net.SocketTimeoutException,Non HTTP response message: Read timed out,Thread Group 94-1,text,false,,2690,0,1,141,0,0,3
1492747315659,1510,HTTP Request,Non HTTP response code: java.net.SocketTimeoutException,Non HTTP response message: Read timed out,Thread Group 47-1,text,false,,2690,0,1,141,0,0,6
1492747315662,1507,HTTP Request,Non HTTP response code: java.net.SocketTimeoutException,Non HTTP response message: Read timed out,Thread Group 64-1,text,false,,2690,0,1,141,0,0,3
1492747315664,1505,HTTP Request,Non HTTP response code: java.net.SocketTimeoutException,Non HTTP response message: Read timed out,Thread Group 41-1,text,false,,2690,0,1,141,0,0,1
1492747315663,1507,HTTP Request,Non HTTP response code: java.net.SocketTimeoutException,Non HTTP response message: Read timed out,Thread Group 80-1,text,false,,2690,0,1,141,0,0,2
1492747315659,1511,HTTP Request,Non HTTP response code: java.net.SocketTimeoutException,Non HTTP response message: Read timed out,Thread Group 72-1,text,false,,2690,0,1,141,0,0,6
1492747315658,1513,HTTP Request,Non HTTP response code: java.net.SocketTimeoutException,Non HTTP response message: Read timed out,Thread Group 63-1,text,false,,2690,0,1,141,0,0,7
1492747315660,1511,HTTP Request,Non HTTP response code: java.net.SocketTimeoutException,Non HTTP response message: Read timed out,Thread Group 48-1,text,false,,2690,0,1,141,0,0,4
1492747315692,1512,HTTP Request,Non HTTP response code: java.net.SocketTimeoutException,Non HTTP response message: Read timed out,Thread Group 21-1,text,false,,2690,0,1,141,0,0,10
1492747315692,1512,HTTP Request,Non HTTP response code: java.net.SocketTimeoutException,Non HTTP response message: Read timed out,Thread Group 55-1,text,false,,2690,0,1,141,0,0,10
1492747315697,1508,HTTP Request,Non HTTP response code: java.net.SocketTimeoutException,Non HTTP response message: Read timed out,Thread Group 81-1,text,false,,2690,0,1,141,0,0,5
1492747315694,1511,HTTP Request,Non HTTP response code: java.net.SocketTimeoutException,Non HTTP response message: Read timed out,Thread Group 90-1,text,false,,2690,0,1,141,0,0,8
1492747315696,1510,HTTP Request,Non HTTP response code: java.net.SocketTimeoutException,Non HTTP response message: Read timed out,Thread Group 131-1,text,false,,2690,0,1,141,0,0,6
1492747315695,1511,HTTP Request,Non HTTP response code: java.net.SocketTimeoutException,Non HTTP response message: Read timed out,Thread Group 34-1,text,false,,2690,0,1,141,0,0,7
1492747315693,1513,HTTP Request,Non HTTP response code: java.net.SocketTimeoutException,Non HTTP response message: Read timed out,Thread Group 36-1,text,false,,2690,0,1,141,0,0,9
1492747315699,1508,HTTP Request,Non HTTP response code: java.net.SocketTimeoutException,Non HTTP response message: Read timed out,Thread Group 120-1,text,false,,2690,0,1,141,0,0,3
1492747315693,1514,HTTP Request,Non HTTP response code: java.net.SocketTimeoutException,Non HTTP response message: Read timed out,Thread Group 70-1,text,false,,2690,0,1,141,0,0,9
1492747315696,1512,HTTP Request,Non HTTP response code: java.net.SocketTimeoutException,Non HTTP response message: Read timed out,Thread Group 76-1,text,false,,2690,0,1,141,0,0,6
1492747315694,1514,HTTP Request,Non HTTP response code: java.net.SocketTimeoutException,Non HTTP response message: Read timed out,Thread Group 96-1,text,false,,2690,0,1,141,0,0,9
1492747315698,1510,HTTP Request,Non HTTP response code: java.net.SocketTimeoutException,Non HTTP response message: Read timed out,Thread Group 66-1,text,false,,2690,0,1,141,0,0,5
1492747315698,1511,HTTP Request,Non HTTP response code: java.net.SocketTimeoutException,Non HTTP response message: Read timed out,Thread Group 5-1,text,false,,2690,0,1,141,0,0,5
1492747315690,1519,HTTP Request,Non HTTP response code: java.net.SocketTimeoutException,Non HTTP response message: Read timed out,Thread Group 52-1,text,false,,2690,0,1,141,0,0,13
1492747315690,1520,HTTP Request,Non HTTP response code: java.net.SocketTimeoutException,Non HTTP response message: Read timed out,Thread Group 124-1,text,false,,2690,0,1,141,0,0,13
1492747315692,1518,HTTP Request,Non HTTP response code: java.net.SocketTimeoutException,Non HTTP response message: Read timed out,Thread Group 27-1,text,false,,2690,0,1,141,0,0,11
1492747315697,1514,HTTP Request,Non HTTP response code: java.net.SocketTimeoutException,Non HTTP response message: Read timed out,Thread Group 53-1,text,false,,2690,0,1,141,0,0,6
1492747315698,1513,HTTP Request,Non HTTP response code: java.net.SocketTimeoutException,Non HTTP response message: Read timed out,Thread Group 118-1,text,false,,2690,0,1,141,0,0,5
1492747315690,1522,HTTP Request,Non HTTP response code: java.net.SocketTimeoutException,Non HTTP response message: Read timed out,Thread Group 139-1,text,false,,2690,0,1,141,0,0,13
1492747315689,1523,HTTP Request,Non HTTP response code: java.net.SocketTimeoutException,Non HTTP response message: Read timed out,Thread Group 116-1,text,false,,2690,0,1,141,0,0,14
1492747315700,1512,HTTP Request,Non HTTP response code: java.net.SocketTimeoutException,Non HTTP response message: Read timed out,Thread Group 105-1,text,false,,2690,0,1,141,0,0,3
1492747315694,1519,HTTP Request,Non HTTP response code: java.net.SocketTimeoutException,Non HTTP response message: Read timed out,Thread Group 60-1,text,false,,2690,0,1,141,0,0,9
1492747315688,1525,HTTP Request,Non HTTP response code: java.net.SocketTimeoutException,Non HTTP response message: Read timed out,Thread Group 130-1,text,false,,2690,0,1,141,0,0,16
1492747315697,1517,HTTP Request,Non HTTP response code: java.net.SocketTimeoutException,Non HTTP response message: Read timed out,Thread Group 75-1,text,false,,2690,0,1,141,0,0,7
1492747315701,1513,HTTP Request,Non HTTP response code: java.net.SocketTimeoutException,Non HTTP response message: Read timed out,Thread Group 138-1,text,false,,2690,0,1,141,0,0,3
1492747315700,1514,HTTP Request,Non HTTP response code: java.net.SocketTimeoutException,Non HTTP response message: Read timed out,Thread Group 51-1,text,false,,2690,0,1,141,0,0,4
1492747315691,1524,HTTP Request,Non HTTP response code: java.net.SocketTimeoutException,Non HTTP response message: Read timed out,Thread Group 15-1,text,false,,2690,0,1,141,0,0,13
1492747315689,1526,HTTP Request,Non HTTP response code: java.net.SocketTimeoutException,Non HTTP response message: Read timed out,Thread Group 58-1,text,false,,2690,0,1,141,0,0,15
1492747315701,1515,HTTP Request,Non HTTP response code: java.net.SocketTimeoutException,Non HTTP response message: Read timed out,Thread Group 88-1,text,false,,2690,0,1,141,0,0,3
1492747315699,1517,HTTP Request,Non HTTP response code: java.net.SocketTimeoutException,Non HTTP response message: Read timed out,Thread Group 127-1,text,false,,2690,0,1,141,0,0,4
1492747315695,1521,HTTP Request,Non HTTP response code: java.net.SocketTimeoutException,Non HTTP response message: Read timed out,Thread Group 18-1,text,false,,2690,0,1,141,0,0,9
1492747315688,1529,HTTP Request,Non HTTP response code: java.net.SocketTimeoutException,Non HTTP response message: Read timed out,Thread Group 11-1,text,false,,2690,0,1,141,0,0,17
1492747315704,1513,HTTP Request,Non HTTP response code: java.net.SocketTimeoutException,Non HTTP response message: Read timed out,Thread Group 67-1,text,false,,2690,0,1,141,0,0,1
1492747315691,1527,HTTP Request,Non HTTP response code: java.net.SocketTimeoutException,Non HTTP response message: Read timed out,Thread Group 35-1,text,false,,2690,0,1,141,0,0,11
1492747315700,1503,HTTP Request,Non HTTP response code: java.net.SocketTimeoutException,Non HTTP response message: Read timed out,Thread Group 134-1,text,false,,2690,0,1,141,0,0,1
1492747316284,1506,HTTP Request,Non HTTP response code: java.net.SocketTimeoutException,Non HTTP response message: Read timed out,Thread Group 32-1,text,false,,2690,0,1,141,0,0,4
1492747316277,1514,HTTP Request,Non HTTP response code: java.net.SocketTimeoutException,Non HTTP response message: Read timed out,Thread Group 22-1,text,false,,2690,0,1,141,0,0,12
1492747316273,1519,HTTP Request,Non HTTP response code: java.net.SocketTimeoutException,Non HTTP response message: Read timed out,Thread Group 19-1,text,false,,2690,0,1,141,0,0,16
1492747316274,1518,HTTP Request,Non HTTP response code: java.net.SocketTimeoutException,Non HTTP response message: Read timed out,Thread Group 46-1,text,false,,2690,0,1,141,0,0,15
1492747316283,1509,HTTP Request,Non HTTP response code: java.net.SocketTimeoutException,Non HTTP response message: Read timed out,Thread Group 13-1,text,false,,2690,0,1,141,0,0,6
1492747316281,1512,HTTP Request,Non HTTP response code: java.net.SocketTimeoutException,Non HTTP response message: Read timed out,Thread Group 106-1,text,false,,2690,0,1,141,0,0,8
1492747316274,1519,HTTP Request,Non HTTP response code: java.net.SocketTimeoutException,Non HTTP response message: Read timed out,Thread Group 40-1,text,false,,2690,0,1,141,0,0,15
1492747316278,1515,HTTP Request,Non HTTP response code: java.net.SocketTimeoutException,Non HTTP response message: Read timed out,Thread Group 49-1,text,false,,2690,0,1,141,0,0,12
1492747316282,1512,HTTP Request,Non HTTP response code: java.net.SocketTimeoutException,Non HTTP response message: Read timed out,Thread Group 126-1,text,false,,2690,0,1,141,0,0,8
1492747316280,1514,HTTP Request,Non HTTP response code: java.net.SocketTimeoutException,Non HTTP response message: Read timed out,Thread Group 73-1,text,false,,2690,0,1,141,0,0,10
1492747316272,1522,HTTP Request,Non HTTP response code: java.net.SocketTimeoutException,Non HTTP response message: Read timed out,Thread Group 86-1,text,false,,2690,0,1,141,0,0,18
1492747316268,1527,HTTP Request,Non HTTP response code: java.net.SocketTimeoutException,Non HTTP response message: Read timed out,Thread Group 122-1,text,false,,2690,0,1,141,0,0,22
1492747316280,1515,HTTP Request,Non HTTP response code: java.net.SocketTimeoutException,Non HTTP response message: Read timed out,Thread Group 93-1,text,false,,2690,0,1,141,0,0,10
1492747316283,1513,HTTP Request,Non HTTP response code: java.net.SocketTimeoutException,Non HTTP response message: Read timed out,Thread Group 113-1,text,false,,2690,0,1,141,0,0,7
1492747316270,1526,HTTP Request,Non HTTP response code: java.net.SocketTimeoutException,Non HTTP response message: Read timed out,Thread Group 16-1,text,false,,2690,0,1,141,0,0,20
1492747316281,1515,HTTP Request,Non HTTP response code: java.net.SocketTimeoutException,Non HTTP response message: Read timed out,Thread Group 135-1,text,false,,2690,0,1,141,0,0,10
1492747316270,1527,HTTP Request,Non HTTP response code: java.net.SocketTimeoutException,Non HTTP response message: Read timed out,Thread Group 129-1,text,false,,2690,0,1,141,0,0,21
1492747316273,1524,HTTP Request,Non HTTP response code: java.net.SocketTimeoutException,Non HTTP response message: Read timed out,Thread Group 121-1,text,false,,2690,0,1,141,0,0,18
1492747316282,1515,HTTP Request,Non HTTP response code: java.net.SocketTimeoutException,Non HTTP response message: Read timed out,Thread Group 28-1,text,false,,2690,0,1,141,0,0,9
1492747316278,1520,HTTP Request,Non HTTP response code: java.net.SocketTimeoutException,Non HTTP response message: Read timed out,Thread Group 117-1,text,false,,2690,0,1,141,0,0,13
1492747316279,1519,HTTP Request,Non HTTP response code: java.net.SocketTimeoutException,Non HTTP response message: Read timed out,Thread Group 132-1,text,false,,2690,0,1,141,0,0,12
1492747316269,1529,HTTP Request,Non HTTP response code: java.net.SocketTimeoutException,Non HTTP response message: Read timed out,Thread Group 14-1,text,false,,2690,0,1,141,0,0,22
1492747316277,1522,HTTP Request,Non HTTP response code: java.net.SocketTimeoutException,Non HTTP response message: Read timed out,Thread Group 140-1,text,false,,2690,0,1,141,0,0,14
1492747316272,1527,HTTP Request,Non HTTP response code: java.net.SocketTimeoutException,Non HTTP response message: Read timed out,Thread Group 102-1,text,false,,2690,0,1,141,0,0,20
1492747316279,1520,HTTP Request,Non HTTP response code: java.net.SocketTimeoutException,Non HTTP response message: Read timed out,Thread Group 109-1,text,false,,2690,0,1,141,0,0,13
1492747316276,1524,HTTP Request,Non HTTP response code: java.net.SocketTimeoutException,Non HTTP response message: Read timed out,Thread Group 31-1,text,false,,2690,0,1,141,0,0,16
1492747316276,1524,HTTP Request,Non HTTP response code: java.net.SocketTimeoutException,Non HTTP response message: Read timed out,Thread Group 136-1,text,false,,2690,0,1,141,0,0,16
1492747316269,1531,HTTP Request,Non HTTP response code: java.net.SocketTimeoutException,Non HTTP response message: Read timed out,Thread Group 8-1,text,false,,2690,0,1,141,0,0,23
1492747316288,1513,HTTP Request,Non HTTP response code: java.net.SocketTimeoutException,Non HTTP response message: Read timed out,Thread Group 71-1,text,false,,2690,0,1,141,0,0,4
1492747316271,1530,HTTP Request,Non HTTP response code: java.net.SocketTimeoutException,Non HTTP response message: Read timed out,Thread Group 29-1,text,false,,2690,0,1,141,0,0,20
1492747316271,1530,HTTP Request,Non HTTP response code: java.net.SocketTimeoutException,Non HTTP response message: Read timed out,Thread Group 43-1,text,false,,2690,0,1,141,0,0,21
1492747316267,1535,HTTP Request,Non HTTP response code: java.net.SocketTimeoutException,Non HTTP response message: Read timed out,Thread Group 25-1,text,false,,2690,0,1,141,0,0,26
1492747316275,1527,HTTP Request,Non HTTP response code: java.net.SocketTimeoutException,Non HTTP response message: Read timed out,Thread Group 79-1,text,false,,2690,0,1,141,0,0,18
1492747316267,1535,HTTP Request,Non HTTP response code: java.net.SocketTimeoutException,Non HTTP response message: Read timed out,Thread Group 4-1,text,false,,2690,0,1,141,0,0,26
1492747316275,1528,HTTP Request,Non HTTP response code: java.net.SocketTimeoutException,Non HTTP response message: Read timed out,Thread Group 78-1,text,false,,2690,0,1,141,0,0,17
1492747316268,1527,HTTP Request,Non HTTP response code: java.net.SocketTimeoutException,Non HTTP response message: Read timed out,Thread Group 26-1,text,false,,2690,0,1,141,0,0,22
1492747316432,1502,HTTP Request,Non HTTP response code: java.net.SocketTimeoutException,Non HTTP response message: Read timed out,Thread Group 101-1,text,false,,2690,0,1,141,0,0,0
1492747316515,1502,HTTP Request,Non HTTP response code: java.net.SocketTimeoutException,Non HTTP response message: Read timed out,Thread Group 74-1,text,false,,2690,0,1,141,0,0,0
1492747316556,1502,HTTP Request,Non HTTP response code: java.net.SocketTimeoutException,Non HTTP response message: Read timed out,Thread Group 103-1,text,false,,2690,0,1,141,0,0,0
1492747316633,1503,HTTP Request,Non HTTP response code: java.net.SocketTimeoutException,Non HTTP response message: Read timed out,Thread Group 2-1,text,false,,2690,0,1,141,0,0,1
1492747316632,1504,HTTP Request,Non HTTP response code: java.net.SocketTimeoutException,Non HTTP response message: Read timed out,Thread Group 57-1,text,false,,2690,0,1,141,0,0,2
1492747316633,1502,HTTP Request,Non HTTP response code: java.net.SocketTimeoutException,Non HTTP response message: Read timed out,Thread Group 69-1,text,false,,2690,0,1,141,0,0,0
1492747316673,1503,HTTP Request,Non HTTP response code: java.net.SocketTimeoutException,Non HTTP response message: Read timed out,Thread Group 62-1,text,false,,2690,0,1,141,0,0,1
1492747316674,1503,HTTP Request,Non HTTP response code: java.net.SocketTimeoutException,Non HTTP response message: Read timed out,Thread Group 65-1,text,false,,2690,0,1,141,0,0,0
1492747316825,1503,HTTP Request,Non HTTP response code: java.net.SocketTimeoutException,Non HTTP response message: Read timed out,Thread Group 104-1,text,false,,2690,0,1,141,0,0,1
1492747317029,1503,HTTP Request,Non HTTP response code: java.net.SocketTimeoutException,Non HTTP response message: Read timed out,Thread Group 24-1,text,false,,2690,0,1,141,0,0,1
1492747317029,1503,HTTP Request,Non HTTP response code: java.net.SocketTimeoutException,Non HTTP response message: Read timed out,Thread Group 39-1,text,false,,2690,0,1,141,0,0,1
1492747317028,1505,HTTP Request,Non HTTP response code: java.net.SocketTimeoutException,Non HTTP response message: Read timed out,Thread Group 77-1,text,false,,2690,0,1,141,0,0,2
1492747317028,1505,HTTP Request,Non HTTP response code: java.net.SocketTimeoutException,Non HTTP response message: Read timed out,Thread Group 1-1,text,false,,2690,0,1,141,0,0,2
1492747317027,1506,HTTP Request,Non HTTP response code: java.net.SocketTimeoutException,Non HTTP response message: Read timed out,Thread Group 3-1,text,false,,2690,0,1,141,0,0,3
1492747317029,1502,HTTP Request,Non HTTP response code: java.net.SocketTimeoutException,Non HTTP response message: Read timed out,Thread Group 20-1,text,false,,2690,0,1,141,0,0,0
1492747317035,1502,HTTP Request,Non HTTP response code: java.net.SocketTimeoutException,Non HTTP response message: Read timed out,Thread Group 17-1,text,false,,2690,0,1,141,0,0,1
1492747317035,1503,HTTP Request,Non HTTP response code: java.net.SocketTimeoutException,Non HTTP response message: Read timed out,Thread Group 45-1,text,false,,2690,0,1,141,0,0,0
1492747317043,1503,HTTP Request,Non HTTP response code: java.net.SocketTimeoutException,Non HTTP response message: Read timed out,Thread Group 85-1,text,false,,2690,0,1,141,0,0,2
1492747317043,1504,HTTP Request,Non HTTP response code: java.net.SocketTimeoutException,Non HTTP response message: Read timed out,Thread Group 38-1,text,false,,2690,0,1,141,0,0,2
1492747317044,1503,HTTP Request,Non HTTP response code: java.net.SocketTimeoutException,Non HTTP response message: Read timed out,Thread Group 82-1,text,false,,2690,0,1,141,0,0,1
1492747317042,1506,HTTP Request,Non HTTP response code: java.net.SocketTimeoutException,Non HTTP response message: Read timed out,Thread Group 83-1,text,false,,2690,0,1,141,0,0,3
1492747317045,1503,HTTP Request,Non HTTP response code: java.net.SocketTimeoutException,Non HTTP response message: Read timed out,Thread Group 54-1,text,false,,2690,0,1,141,0,0,0
1492747317042,1506,HTTP Request,Non HTTP response code: java.net.SocketTimeoutException,Non HTTP response message: Read timed out,Thread Group 33-1,text,false,,2690,0,1,141,0,0,3
1492747317044,1505,HTTP Request,Non HTTP response code: java.net.SocketTimeoutException,Non HTTP response message: Read timed out,Thread Group 68-1,text,false,,2690,0,1,141,0,0,1
1492747317058,1516,HTTP Request,Non HTTP response code: java.net.SocketTimeoutException,Non HTTP response message: Read timed out,Thread Group 61-1,text,false,,2690,0,1,141,0,0,14
1492747317072,1502,HTTP Request,Non HTTP response code: java.net.SocketTimeoutException,Non HTTP response message: Read timed out,Thread Group 108-1,text,false,,2690,0,1,141,0,0,1
1492747317070,1505,HTTP Request,Non HTTP response code: java.net.SocketTimeoutException,Non HTTP response message: Read timed out,Thread Group 87-1,text,false,,2690,0,1,141,0,0,4
1492747317072,1504,HTTP Request,Non HTTP response code: java.net.SocketTimeoutException,Non HTTP response message: Read timed out,Thread Group 100-1,text,false,,2690,0,1,141,0,0,2
1492747317070,1506,HTTP Request,Non HTTP response code: java.net.SocketTimeoutException,Non HTTP response message: Read timed out,Thread Group 111-1,text,false,,2690,0,1,141,0,0,4
1492747317070,1506,HTTP Request,Non HTTP response code: java.net.SocketTimeoutException,Non HTTP response message: Read timed out,Thread Group 119-1,text,false,,2690,0,1,141,0,0,4
1492747317073,1504,HTTP Request,Non HTTP response code: java.net.SocketTimeoutException,Non HTTP response message: Read timed out,Thread Group 114-1,text,false,,2690,0,1,141,0,0,1
1492747317073,1504,HTTP Request,Non HTTP response code: java.net.SocketTimeoutException,Non HTTP response message: Read timed out,Thread Group 107-1,text,false,,2690,0,1,141,0,0,1
1492747317069,1508,HTTP Request,Non HTTP response code: java.net.SocketTimeoutException,Non HTTP response message: Read timed out,Thread Group 115-1,text,false,,2690,0,1,141,0,0,5
1492747317059,1519,HTTP Request,Non HTTP response code: java.net.SocketTimeoutException,Non HTTP response message: Read timed out,Thread Group 12-1,text,false,,2690,0,1,141,0,0,16
1492747317075,1503,HTTP Request,Non HTTP response code: java.net.SocketTimeoutException,Non HTTP response message: Read timed out,Thread Group 23-1,text,false,,2690,0,1,141,0,0,1
1492747317076,1503,HTTP Request,Non HTTP response code: java.net.SocketTimeoutException,Non HTTP response message: Read timed out,Thread Group 89-1,text,false,,2690,0,1,141,0,0,0
1492747317076,1503,HTTP Request,Non HTTP response code: java.net.SocketTimeoutException,Non HTTP response message: Read timed out,Thread Group 91-1,text,false,,2690,0,1,141,0,0,1
1492747317079,1501,HTTP Request,Non HTTP response code: java.net.SocketTimeoutException,Non HTTP response message: Read timed out,Thread Group 9-1,text,false,,2690,0,1,141,0,0,0
1492747317079,1501,HTTP Request,Non HTTP response code: java.net.SocketTimeoutException,Non HTTP response message: Read timed out,Thread Group 141-1,text,false,,2690,0,1,141,0,0,0
1492747317078,1503,HTTP Request,Non HTTP response code: java.net.SocketTimeoutException,Non HTTP response message: Read timed out,Thread Group 137-1,text,false,,2690,0,1,141,0,0,1
1492747317077,1504,HTTP Request,Non HTTP response code: java.net.SocketTimeoutException,Non HTTP response message: Read timed out,Thread Group 95-1,text,false,,2690,0,1,141,0,0,2
1492747317078,1503,HTTP Request,Non HTTP response code: java.net.SocketTimeoutException,Non HTTP response message: Read timed out,Thread Group 92-1,text,false,,2690,0,1,141,0,0,1
1492747317075,1507,HTTP Request,Non HTTP response code: java.net.SocketTimeoutException,Non HTTP response message: Read timed out,Thread Group 59-1,text,false,,2690,0,1,141,0,0,0
1492747317086,1509,HTTP Request,Non HTTP response code: java.net.SocketTimeoutException,Non HTTP response message: Read timed out,Thread Group 97-1,text,false,,2690,0,1,141,0,0,2
1492747317087,1509,HTTP Request,Non HTTP response code: java.net.SocketTimeoutException,Non HTTP response message: Read timed out,Thread Group 123-1,text,false,,2690,0,1,141,0,0,0
1492747317087,1509,HTTP Request,Non HTTP response code: java.net.SocketTimeoutException,Non HTTP response message: Read timed out,Thread Group 133-1,text,false,,2690,0,1,141,0,0,0
1492747317086,1510,HTTP Request,Non HTTP response code: java.net.SocketTimeoutException,Non HTTP response message: Read timed out,Thread Group 84-1,text,false,,2690,0,1,141,0,0,1
1492747317084,1503,HTTP Request,Non HTTP response code: java.net.SocketTimeoutException,Non HTTP response message: Read timed out,Thread Group 98-1,text,false,,2690,0,1,141,0,0,1
1492747317084,1503,HTTP Request,Non HTTP response code: java.net.SocketTimeoutException,Non HTTP response message: Read timed out,Thread Group 128-1,text,false,,2690,0,1,141,0,0,1
1492747317085,1502,HTTP Request,Non HTTP response code: java.net.SocketTimeoutException,Non HTTP response message: Read timed out,Thread Group 125-1,text,false,,2690,0,1,141,0,0,0
1492747317114,1502,HTTP Request,Non HTTP response code: java.net.SocketTimeoutException,Non HTTP response message: Read timed out,Thread Group 42-1,text,false,,2690,0,1,141,0,0,1
1492747317115,1501,HTTP Request,Non HTTP response code: java.net.SocketTimeoutException,Non HTTP response message: Read timed out,Thread Group 112-1,text,false,,2690,0,1,141,0,0,0
1492747317114,1502,HTTP Request,Non HTTP response code: java.net.SocketTimeoutException,Non HTTP response message: Read timed out,Thread Group 50-1,text,false,,2690,0,1,141,0,0,1
1492747317140,1503,HTTP Request,Non HTTP response code: java.net.SocketTimeoutException,Non HTTP response message: Read timed out,Thread Group 56-1,text,false,,2690,0,1,141,0,0,1
1492747317141,1502,HTTP Request,Non HTTP response code: java.net.SocketTimeoutException,Non HTTP response message: Read timed out,Thread Group 10-1,text,false,,2690,0,1,141,0,0,0
1492747317144,1502,HTTP Request,Non HTTP response code: java.net.SocketTimeoutException,Non HTTP response message: Read timed out,Thread Group 37-1,text,false,,2690,0,1,141,0,0,0
1492747317170,1504,HTTP Request,Non HTTP response code: java.net.SocketTimeoutException,Non HTTP response message: Read timed out,Thread Group 41-1,text,false,,2690,0,1,141,0,0,2
1492747317168,1506,HTTP Request,Non HTTP response code: java.net.SocketTimeoutException,Non HTTP response message: Read timed out,Thread Group 44-1,text,false,,2690,0,1,141,0,0,4
1492747317167,1508,HTTP Request,Non HTTP response code: java.net.SocketTimeoutException,Non HTTP response message: Read timed out,Thread Group 7-1,text,false,,2690,0,1,141,0,0,5
1492747317169,1506,HTTP Request,Non HTTP response code: java.net.SocketTimeoutException,Non HTTP response message: Read timed out,Thread Group 64-1,text,false,,2690,0,1,141,0,0,3
1492747317167,1509,HTTP Request,Non HTTP response code: java.net.SocketTimeoutException,Non HTTP response message: Read timed out,Thread Group 6-1,text,false,,2690,0,1,141,0,0,5
1492747317171,1505,HTTP Request,Non HTTP response code: java.net.SocketTimeoutException,Non HTTP response message: Read timed out,Thread Group 63-1,text,false,,2690,0,1,141,0,0,1
1492747317167,1510,HTTP Request,Non HTTP response code: java.net.SocketTimeoutException,Non HTTP response message: Read timed out,Thread Group 99-1,text,false,,2690,0,1,141,0,0,5
1492747317171,1506,HTTP Request,Non HTTP response code: java.net.SocketTimeoutException,Non HTTP response message: Read timed out,Thread Group 48-1,text,false,,2690,0,1,141,0,0,1
1492747317170,1507,HTTP Request,Non HTTP response code: java.net.SocketTimeoutException,Non HTTP response message: Read timed out,Thread Group 72-1,text,false,,2690,0,1,141,0,0,2
1492747317168,1510,HTTP Request,Non HTTP response code: java.net.SocketTimeoutException,Non HTTP response message: Read timed out,Thread Group 110-1,text,false,,2690,0,1,141,0,0,4
1492747317170,1508,HTTP Request,Non HTTP response code: java.net.SocketTimeoutException,Non HTTP response message: Read timed out,Thread Group 80-1,text,false,,2690,0,1,141,0,0,2
1492747317169,1510,HTTP Request,Non HTTP response code: java.net.SocketTimeoutException,Non HTTP response message: Read timed out,Thread Group 47-1,text,false,,2690,0,1,141,0,0,2
1492747317169,1511,HTTP Request,Non HTTP response code: java.net.SocketTimeoutException,Non HTTP response message: Read timed out,Thread Group 94-1,text,false,,2690,0,1,141,0,0,3
1492747317166,1513,HTTP Request,Non HTTP response code: java.net.SocketTimeoutException,Non HTTP response message: Read timed out,Thread Group 30-1,text,false,,2690,0,1,141,0,0,6
1492747317217,1503,HTTP Request,Non HTTP response code: java.net.SocketTimeoutException,Non HTTP response message: Read timed out,Thread Group 11-1,text,false,,2690,0,1,141,0,0,1
1492747317211,1510,HTTP Request,Non HTTP response code: java.net.SocketTimeoutException,Non HTTP response message: Read timed out,Thread Group 53-1,text,false,,2690,0,1,141,0,0,7
1492747317217,1504,HTTP Request,Non HTTP response code: java.net.SocketTimeoutException,Non HTTP response message: Read timed out,Thread Group 67-1,text,false,,2690,0,1,141,0,0,1
1492747317207,1515,HTTP Request,Non HTTP response code: java.net.SocketTimeoutException,Non HTTP response message: Read timed out,Thread Group 120-1,text,false,,2690,0,1,141,0,0,12
1492747317212,1510,HTTP Request,Non HTTP response code: java.net.SocketTimeoutException,Non HTTP response message: Read timed out,Thread Group 139-1,text,false,,2690,0,1,141,0,0,7
1492747317208,1514,HTTP Request,Non HTTP response code: java.net.SocketTimeoutException,Non HTTP response message: Read timed out,Thread Group 96-1,text,false,,2690,0,1,141,0,0,11
1492747317208,1515,HTTP Request,Non HTTP response code: java.net.SocketTimeoutException,Non HTTP response message: Read timed out,Thread Group 76-1,text,false,,2690,0,1,141,0,0,11
1492747317207,1516,HTTP Request,Non HTTP response code: java.net.SocketTimeoutException,Non HTTP response message: Read timed out,Thread Group 36-1,text,false,,2690,0,1,141,0,0,12
1492747317212,1511,HTTP Request,Non HTTP response code: java.net.SocketTimeoutException,Non HTTP response message: Read timed out,Thread Group 116-1,text,false,,2690,0,1,141,0,0,7
1492747317216,1508,HTTP Request,Non HTTP response code: java.net.SocketTimeoutException,Non HTTP response message: Read timed out,Thread Group 88-1,text,false,,2690,0,1,141,0,0,3
1492747317213,1511,HTTP Request,Non HTTP response code: java.net.SocketTimeoutException,Non HTTP response message: Read timed out,Thread Group 105-1,text,false,,2690,0,1,141,0,0,6
1492747317206,1518,HTTP Request,Non HTTP response code: java.net.SocketTimeoutException,Non HTTP response message: Read timed out,Thread Group 34-1,text,false,,2690,0,1,141,0,0,13
1492747317215,1510,HTTP Request,Non HTTP response code: java.net.SocketTimeoutException,Non HTTP response message: Read timed out,Thread Group 15-1,text,false,,2690,0,1,141,0,0,4
1492747317214,1511,HTTP Request,Non HTTP response code: java.net.SocketTimeoutException,Non HTTP response message: Read timed out,Thread Group 75-1,text,false,,2690,0,1,141,0,0,5
1492747317214,1512,HTTP Request,Non HTTP response code: java.net.SocketTimeoutException,Non HTTP response message: Read timed out,Thread Group 138-1,text,false,,2690,0,1,141,0,0,5
1492747317215,1511,HTTP Request,Non HTTP response code: java.net.SocketTimeoutException,Non HTTP response message: Read timed out,Thread Group 51-1,text,false,,2690,0,1,141,0,0,5
1492747317205,1521,HTTP Request,Non HTTP response code: java.net.SocketTimeoutException,Non HTTP response message: Read timed out,Thread Group 81-1,text,false,,2690,0,1,141,0,0,15
1492747317207,1520,HTTP Request,Non HTTP response code: java.net.SocketTimeoutException,Non HTTP response message: Read timed out,Thread Group 70-1,text,false,,2690,0,1,141,0,0,13
1492747317206,1521,HTTP Request,Non HTTP response code: java.net.SocketTimeoutException,Non HTTP response message: Read timed out,Thread Group 131-1,text,false,,2690,0,1,141,0,0,14
1492747317211,1516,HTTP Request,Non HTTP response code: java.net.SocketTimeoutException,Non HTTP response message: Read timed out,Thread Group 118-1,text,false,,2690,0,1,141,0,0,9
1492747317216,1512,HTTP Request,Non HTTP response code: java.net.SocketTimeoutException,Non HTTP response message: Read timed out,Thread Group 127-1,text,false,,2690,0,1,141,0,0,4
1492747317213,1515,HTTP Request,Non HTTP response code: java.net.SocketTimeoutException,Non HTTP response message: Read timed out,Thread Group 60-1,text,false,,2690,0,1,141,0,0,7
1492747317205,1523,HTTP Request,Non HTTP response code: java.net.SocketTimeoutException,Non HTTP response message: Read timed out,Thread Group 90-1,text,false,,2690,0,1,141,0,0,15
1492747317218,1511,HTTP Request,Non HTTP response code: java.net.SocketTimeoutException,Non HTTP response message: Read timed out,Thread Group 35-1,text,false,,2690,0,1,141,0,0,1
1492747317217,1512,HTTP Request,Non HTTP response code: java.net.SocketTimeoutException,Non HTTP response message: Read timed out,Thread Group 18-1,text,false,,2690,0,1,141,0,0,3
1492747317211,1518,HTTP Request,Non HTTP response code: java.net.SocketTimeoutException,Non HTTP response message: Read timed out,Thread Group 27-1,text,false,,2690,0,1,141,0,0,9
1492747317210,1520,HTTP Request,Non HTTP response code: java.net.SocketTimeoutException,Non HTTP response message: Read timed out,Thread Group 124-1,text,false,,2690,0,1,141,0,0,10
1492747317205,1525,HTTP Request,Non HTTP response code: java.net.SocketTimeoutException,Non HTTP response message: Read timed out,Thread Group 55-1,text,false,,2690,0,1,141,0,0,15
1492747317215,1516,HTTP Request,Non HTTP response code: java.net.SocketTimeoutException,Non HTTP response message: Read timed out,Thread Group 58-1,text,false,,2690,0,1,141,0,0,6
1492747317209,1522,HTTP Request,Non HTTP response code: java.net.SocketTimeoutException,Non HTTP response message: Read timed out,Thread Group 5-1,text,false,,2690,0,1,141,0,0,12
1492747317210,1521,HTTP Request,Non HTTP response code: java.net.SocketTimeoutException,Non HTTP response message: Read timed out,Thread Group 52-1,text,false,,2690,0,1,141,0,0,11
1492747317213,1519,HTTP Request,Non HTTP response code: java.net.SocketTimeoutException,Non HTTP response message: Read timed out,Thread Group 130-1,text,false,,2690,0,1,141,0,0,8
1492747317209,1523,HTTP Request,Non HTTP response code: java.net.SocketTimeoutException,Non HTTP response message: Read timed out,Thread Group 66-1,text,false,,2690,0,1,141,0,0,12
1492747317204,1528,HTTP Request,Non HTTP response code: java.net.SocketTimeoutException,Non HTTP response message: Read timed out,Thread Group 21-1,text,false,,2690,0,1,141,0,0,17
1492747317221,1512,HTTP Request,Non HTTP response code: java.net.SocketTimeoutException,Non HTTP response message: Read timed out,Thread Group 134-1,text,false,,2690,0,1,141,0,0,0
1492747317792,1502,HTTP Request,Non HTTP response code: org.apache.http.conn.ConnectTimeoutException,Non HTTP response message: Connect to 10.138.0.2:80 timed out,Thread Group 46-1,text,false,,1658,0,1,141,0,0,1502
1492747317792,1503,HTTP Request,Non HTTP response code: org.apache.http.conn.ConnectTimeoutException,Non HTTP response message: Connect to 10.138.0.2:80 timed out,Thread Group 13-1,text,false,,1658,0,1,141,0,0,1503
1492747317793,1503,HTTP Request,Non HTTP response code: org.apache.http.conn.ConnectTimeoutException,Non HTTP response message: Connect to 10.138.0.2:80 timed out,Thread Group 106-1,text,false,,1658,0,1,141,0,0,1503
1492747317793,1503,HTTP Request,Non HTTP response code: org.apache.http.conn.ConnectTimeoutException,Non HTTP response message: Connect to 10.138.0.2:80 timed out,Thread Group 40-1,text,false,,1658,0,1,141,0,0,1503
1492747317794,1502,HTTP Request,Non HTTP response code: org.apache.http.conn.ConnectTimeoutException,Non HTTP response message: Connect to 10.138.0.2:80 timed out,Thread Group 49-1,text,false,,1658,0,1,141,0,0,1502
1492747317794,1503,HTTP Request,Non HTTP response code: org.apache.http.conn.ConnectTimeoutException,Non HTTP response message: Connect to 10.138.0.2:80 timed out,Thread Group 126-1,text,false,,1658,0,1,141,0,0,1503
1492747317794,1503,HTTP Request,Non HTTP response code: org.apache.http.conn.ConnectTimeoutException,Non HTTP response message: Connect to 10.138.0.2:80 timed out,Thread Group 73-1,text,false,,1658,0,1,141,0,0,1503
1492747317795,1502,HTTP Request,Non HTTP response code: org.apache.http.conn.ConnectTimeoutException,Non HTTP response message: Connect to 10.138.0.2:80 timed out,Thread Group 86-1,text,false,,1658,0,1,141,0,0,1502
1492747317795,1503,HTTP Request,Non HTTP response code: org.apache.http.conn.ConnectTimeoutException,Non HTTP response message: Connect to 10.138.0.2:80 timed out,Thread Group 122-1,text,false,,1658,0,1,141,0,0,1503
1492747317795,1503,HTTP Request,Non HTTP response code: org.apache.http.conn.ConnectTimeoutException,Non HTTP response message: Connect to 10.138.0.2:80 timed out,Thread Group 93-1,text,false,,1658,0,1,141,0,0,1503
1492747317797,1501,HTTP Request,Non HTTP response code: org.apache.http.conn.ConnectTimeoutException,Non HTTP response message: Connect to 10.138.0.2:80 timed out,Thread Group 129-1,text,false,,1658,0,1,141,0,0,1501
1492747317796,1503,HTTP Request,Non HTTP response code: org.apache.http.conn.ConnectTimeoutException,Non HTTP response message: Connect to 10.138.0.2:80 timed out,Thread Group 113-1,text,false,,1658,0,1,141,0,0,1503
1492747317796,1503,HTTP Request,Non HTTP response code: org.apache.http.conn.ConnectTimeoutException,Non HTTP response message: Connect to 10.138.0.2:80 timed out,Thread Group 16-1,text,false,,1658,0,1,141,0,0,1503
1492747317796,1503,HTTP Request,Non HTTP response code: org.apache.http.conn.ConnectTimeoutException,Non HTTP response message: Connect to 10.138.0.2:80 timed out,Thread Group 135-1,text,false,,1658,0,1,141,0,0,1503
1492747317797,1503,HTTP Request,Non HTTP response code: org.apache.http.conn.ConnectTimeoutException,Non HTTP response message: Connect to 10.138.0.2:80 timed out,Thread Group 28-1,text,false,,1658,0,1,141,0,0,1503
1492747317798,1502,HTTP Request,Non HTTP response code: org.apache.http.conn.ConnectTimeoutException,Non HTTP response message: Connect to 10.138.0.2:80 timed out,Thread Group 117-1,text,false,,1658,0,1,141,0,0,1502
1492747317798,1502,HTTP Request,Non HTTP response code: org.apache.http.conn.ConnectTimeoutException,Non HTTP response message: Connect to 10.138.0.2:80 timed out,Thread Group 132-1,text,false,,1658,0,1,141,0,0,1502
1492747317798,1502,HTTP Request,Non HTTP response code: org.apache.http.conn.ConnectTimeoutException,Non HTTP response message: Connect to 10.138.0.2:80 timed out,Thread Group 14-1,text,false,,1658,0,1,141,0,0,1502
1492747317799,1502,HTTP Request,Non HTTP response code: org.apache.http.conn.ConnectTimeoutException,Non HTTP response message: Connect to 10.138.0.2:80 timed out,Thread Group 140-1,text,false,,1658,0,1,141,0,0,1502
1492747317799,1502,HTTP Request,Non HTTP response code: org.apache.http.conn.ConnectTimeoutException,Non HTTP response message: Connect to 10.138.0.2:80 timed out,Thread Group 102-1,text,false,,1658,0,1,141,0,0,1502
1492747317799,1502,HTTP Request,Non HTTP response code: org.apache.http.conn.ConnectTimeoutException,Non HTTP response message: Connect to 10.138.0.2:80 timed out,Thread Group 109-1,text,false,,1658,0,1,141,0,0,1502
1492747317800,1502,HTTP Request,Non HTTP response code: org.apache.http.conn.ConnectTimeoutException,Non HTTP response message: Connect to 10.138.0.2:80 timed out,Thread Group 31-1,text,false,,1658,0,1,141,0,0,1502
1492747317800,1502,HTTP Request,Non HTTP response code: org.apache.http.conn.ConnectTimeoutException,Non HTTP response message: Connect to 10.138.0.2:80 timed out,Thread Group 136-1,text,false,,1658,0,1,141,0,0,1502
1492747317800,1502,HTTP Request,Non HTTP response code: org.apache.http.conn.ConnectTimeoutException,Non HTTP response message: Connect to 10.138.0.2:80 timed out,Thread Group 8-1,text,false,,1658,0,1,141,0,0,1502
1492747317802,1501,HTTP Request,Non HTTP response code: org.apache.http.conn.ConnectTimeoutException,Non HTTP response message: Connect to 10.138.0.2:80 timed out,Thread Group 25-1,text,false,,1658,0,1,141,0,0,1501
1492747317801,1502,HTTP Request,Non HTTP response code: org.apache.http.conn.ConnectTimeoutException,Non HTTP response message: Connect to 10.138.0.2:80 timed out,Thread Group 71-1,text,false,,1658,0,1,141,0,0,1502
1492747317801,1502,HTTP Request,Non HTTP response code: org.apache.http.conn.ConnectTimeoutException,Non HTTP response message: Connect to 10.138.0.2:80 timed out,Thread Group 29-1,text,false,,1658,0,1,141,0,0,1502
1492747317801,1503,HTTP Request,Non HTTP response code: org.apache.http.conn.ConnectTimeoutException,Non HTTP response message: Connect to 10.138.0.2:80 timed out,Thread Group 43-1,text,false,,1658,0,1,141,0,0,1503
1492747317802,1502,HTTP Request,Non HTTP response code: org.apache.http.conn.ConnectTimeoutException,Non HTTP response message: Connect to 10.138.0.2:80 timed out,Thread Group 79-1,text,false,,1658,0,1,141,0,0,1502
1492747317802,1502,HTTP Request,Non HTTP response code: org.apache.http.conn.ConnectTimeoutException,Non HTTP response message: Connect to 10.138.0.2:80 timed out,Thread Group 4-1,text,false,,1658,0,1,141,0,0,1502
1492747317803,1502,HTTP Request,Non HTTP response code: org.apache.http.conn.ConnectTimeoutException,Non HTTP response message: Connect to 10.138.0.2:80 timed out,Thread Group 78-1,text,false,,1658,0,1,141,0,0,1501
1492747317803,1502,HTTP Request,Non HTTP response code: org.apache.http.conn.ConnectTimeoutException,Non HTTP response message: Connect to 10.138.0.2:80 timed out,Thread Group 26-1,text,false,,1658,0,1,141,0,0,1502
1492747317792,1513,HTTP Request,Non HTTP response code: java.net.SocketTimeoutException,Non HTTP response message: Read timed out,Thread Group 19-1,text,false,,2690,0,1,141,0,0,11
1492747317791,1514,HTTP Request,Non HTTP response code: org.apache.http.conn.ConnectTimeoutException,Non HTTP response message: Connect to 10.138.0.2:80 timed out,Thread Group 22-1,text,false,,1658,0,1,141,0,0,1514
1492747317791,1515,HTTP Request,Non HTTP response code: java.net.SocketTimeoutException,Non HTTP response message: Read timed out,Thread Group 32-1,text,false,,2690,0,1,141,0,0,12
1492747317797,1509,HTTP Request,Non HTTP response code: org.apache.http.conn.ConnectTimeoutException,Non HTTP response message: Connect to 10.138.0.2:80 timed out,Thread Group 121-1,text,false,,1658,0,1,141,0,0,1509
1492747317935,1501,HTTP Request,Non HTTP response code: org.apache.http.conn.ConnectTimeoutException,Non HTTP response message: Connect to 10.138.0.2:80 timed out,Thread Group 101-1,text,false,,1658,0,1,141,0,0,1501
1492747318058,1502,HTTP Request,Non HTTP response code: org.apache.http.conn.ConnectTimeoutException,Non HTTP response message: Connect to 10.138.0.2:80 timed out,Thread Group 103-1,text,false,,1658,0,1,141,0,0,1502
1492747318137,1503,HTTP Request,Non HTTP response code: java.net.SocketTimeoutException,Non HTTP response message: Read timed out,Thread Group 57-1,text,false,,2690,0,1,141,0,0,1
1492747318138,1502,HTTP Request,Non HTTP response code: org.apache.http.conn.ConnectTimeoutException,Non HTTP response message: Connect to 10.138.0.2:80 timed out,Thread Group 69-1,text,false,,1658,0,1,141,0,0,1502
1492747318137,1504,HTTP Request,Non HTTP response code: java.net.SocketTimeoutException,Non HTTP response message: Read timed out,Thread Group 2-1,text,false,,2690,0,1,141,0,0,1
1492747318177,1501,HTTP Request,Non HTTP response code: org.apache.http.conn.ConnectTimeoutException,Non HTTP response message: Connect to 10.138.0.2:80 timed out,Thread Group 62-1,text,false,,1658,0,1,141,0,0,1501
1492747318177,1501,HTTP Request,Non HTTP response code: org.apache.http.conn.ConnectTimeoutException,Non HTTP response message: Connect to 10.138.0.2:80 timed out,Thread Group 65-1,text,false,,1658,0,1,141,0,0,1501
1492747318328,1502,HTTP Request,Non HTTP response code: org.apache.http.conn.ConnectTimeoutException,Non HTTP response message: Connect to 10.138.0.2:80 timed out,Thread Group 104-1,text,false,,1658,0,1,141,0,0,1502
1492747318533,1503,HTTP Request,Non HTTP response code: java.net.SocketTimeoutException,Non HTTP response message: Read timed out,Thread Group 1-1,text,false,,2690,0,1,141,0,0,1
1492747318534,1503,HTTP Request,Non HTTP response code: java.net.SocketTimeoutException,Non HTTP response message: Read timed out,Thread Group 3-1,text,false,,2690,0,1,141,0,0,0
1492747318534,1504,HTTP Request,Non HTTP response code: org.apache.http.conn.ConnectTimeoutException,Non HTTP response message: Connect to 10.138.0.2:80 timed out,Thread Group 20-1,text,false,,1658,0,1,141,0,0,1504
1492747318533,1505,HTTP Request,Non HTTP response code: java.net.SocketTimeoutException,Non HTTP response message: Read timed out,Thread Group 77-1,text,false,,2690,0,1,141,0,0,1
1492747318532,1507,HTTP Request,Non HTTP response code: java.net.SocketTimeoutException,Non HTTP response message: Read timed out,Thread Group 39-1,text,false,,2690,0,1,141,0,0,2
1492747318532,1507,HTTP Request,Non HTTP response code: java.net.SocketTimeoutException,Non HTTP response message: Read timed out,Thread Group 24-1,text,false,,2690,0,1,141,0,0,2
1492747318537,1503,HTTP Request,Non HTTP response code: org.apache.http.conn.ConnectTimeoutException,Non HTTP response message: Connect to 10.138.0.2:80 timed out,Thread Group 17-1,text,false,,1658,0,1,141,0,0,1503
1492747318538,1502,HTTP Request,Non HTTP response code: org.apache.http.conn.ConnectTimeoutException,Non HTTP response message: Connect to 10.138.0.2:80 timed out,Thread Group 45-1,text,false,,1658,0,1,141,0,0,1502
1492747318547,1501,HTTP Request,Non HTTP response code: org.apache.http.conn.ConnectTimeoutException,Non HTTP response message: Connect to 10.138.0.2:80 timed out,Thread Group 85-1,text,false,,1658,0,1,141,0,0,1501
1492747318547,1501,HTTP Request,Non HTTP response code: org.apache.http.conn.ConnectTimeoutException,Non HTTP response message: Connect to 10.138.0.2:80 timed out,Thread Group 38-1,text,false,,1658,0,1,141,0,0,1501
1492747318547,1501,HTTP Request,Non HTTP response code: org.apache.http.conn.ConnectTimeoutException,Non HTTP response message: Connect to 10.138.0.2:80 timed out,Thread Group 82-1,text,false,,1658,0,1,141,0,0,1501
1492747318548,1501,HTTP Request,Non HTTP response code: org.apache.http.conn.ConnectTimeoutException,Non HTTP response message: Connect to 10.138.0.2:80 timed out,Thread Group 83-1,text,false,,1658,0,1,141,0,0,1501
1492747318548,1502,HTTP Request,Non HTTP response code: org.apache.http.conn.ConnectTimeoutException,Non HTTP response message: Connect to 10.138.0.2:80 timed out,Thread Group 54-1,text,false,,1658,0,1,141,0,0,1502
1492747318548,1502,HTTP Request,Non HTTP response code: org.apache.http.conn.ConnectTimeoutException,Non HTTP response message: Connect to 10.138.0.2:80 timed out,Thread Group 33-1,text,false,,1658,0,1,141,0,0,1502
1492747318549,1501,HTTP Request,Non HTTP response code: org.apache.http.conn.ConnectTimeoutException,Non HTTP response message: Connect to 10.138.0.2:80 timed out,Thread Group 68-1,text,false,,1658,0,1,141,0,0,1501
1492747318574,1502,HTTP Request,Non HTTP response code: org.apache.http.conn.ConnectTimeoutException,Non HTTP response message: Connect to 10.138.0.2:80 timed out,Thread Group 61-1,text,false,,1658,0,1,141,0,0,1502
1492747318574,1503,HTTP Request,Non HTTP response code: org.apache.http.conn.ConnectTimeoutException,Non HTTP response message: Connect to 10.138.0.2:80 timed out,Thread Group 108-1,text,false,,1658,0,1,141,0,0,1503
1492747318575,1502,HTTP Request,Non HTTP response code: org.apache.http.conn.ConnectTimeoutException,Non HTTP response message: Connect to 10.138.0.2:80 timed out,Thread Group 87-1,text,false,,1658,0,1,141,0,0,1502
1492747318576,1502,HTTP Request,Non HTTP response code: org.apache.http.conn.ConnectTimeoutException,Non HTTP response message: Connect to 10.138.0.2:80 timed out,Thread Group 100-1,text,false,,1658,0,1,141,0,0,1502
1492747318576,1502,HTTP Request,Non HTTP response code: org.apache.http.conn.ConnectTimeoutException,Non HTTP response message: Connect to 10.138.0.2:80 timed out,Thread Group 111-1,text,false,,1658,0,1,141,0,0,1502
1492747318577,1501,HTTP Request,Non HTTP response code: org.apache.http.conn.ConnectTimeoutException,Non HTTP response message: Connect to 10.138.0.2:80 timed out,Thread Group 119-1,text,false,,1658,0,1,141,0,0,1501
1492747318577,1502,HTTP Request,Non HTTP response code: org.apache.http.conn.ConnectTimeoutException,Non HTTP response message: Connect to 10.138.0.2:80 timed out,Thread Group 114-1,text,false,,1658,0,1,141,0,0,1502
1492747318577,1502,HTTP Request,Non HTTP response code: org.apache.http.conn.ConnectTimeoutException,Non HTTP response message: Connect to 10.138.0.2:80 timed out,Thread Group 107-1,text,false,,1658,0,1,141,0,0,1502
1492747318578,1501,HTTP Request,Non HTTP response code: org.apache.http.conn.ConnectTimeoutException,Non HTTP response message: Connect to 10.138.0.2:80 timed out,Thread Group 115-1,text,false,,1658,0,1,141,0,0,1501
1492747318578,1502,HTTP Request,Non HTTP response code: org.apache.http.conn.ConnectTimeoutException,Non HTTP response message: Connect to 10.138.0.2:80 timed out,Thread Group 12-1,text,false,,1658,0,1,141,0,0,1502
1492747318578,1502,HTTP Request,Non HTTP response code: org.apache.http.conn.ConnectTimeoutException,Non HTTP response message: Connect to 10.138.0.2:80 timed out,Thread Group 23-1,text,false,,1658,0,1,141,0,0,1502
1492747318579,1501,HTTP Request,Non HTTP response code: org.apache.http.conn.ConnectTimeoutException,Non HTTP response message: Connect to 10.138.0.2:80 timed out,Thread Group 89-1,text,false,,1658,0,1,141,0,0,1501
1492747318579,1501,HTTP Request,Non HTTP response code: org.apache.http.conn.ConnectTimeoutException,Non HTTP response message: Connect to 10.138.0.2:80 timed out,Thread Group 91-1,text,false,,1658,0,1,141,0,0,1501
1492747318580,1502,HTTP Request,Non HTTP response code: org.apache.http.conn.ConnectTimeoutException,Non HTTP response message: Connect to 10.138.0.2:80 timed out,Thread Group 9-1,text,false,,1658,0,1,141,0,0,1502
1492747318580,1502,HTTP Request,Non HTTP response code: org.apache.http.conn.ConnectTimeoutException,Non HTTP response message: Connect to 10.138.0.2:80 timed out,Thread Group 141-1,text,false,,1658,0,1,141,0,0,1502
1492747318581,1501,HTTP Request,Non HTTP response code: org.apache.http.conn.ConnectTimeoutException,Non HTTP response message: Connect to 10.138.0.2:80 timed out,Thread Group 137-1,text,false,,1658,0,1,141,0,0,1501
1492747318581,1502,HTTP Request,Non HTTP response code: org.apache.http.conn.ConnectTimeoutException,Non HTTP response message: Connect to 10.138.0.2:80 timed out,Thread Group 95-1,text,false,,1658,0,1,141,0,0,1502
1492747318582,1501,HTTP Request,Non HTTP response code: org.apache.http.conn.ConnectTimeoutException,Non HTTP response message: Connect to 10.138.0.2:80 timed out,Thread Group 92-1,text,false,,1658,0,1,141,0,0,1501
1492747318582,1502,HTTP Request,Non HTTP response code: org.apache.http.conn.ConnectTimeoutException,Non HTTP response message: Connect to 10.138.0.2:80 timed out,Thread Group 59-1,text,false,,1658,0,1,141,0,0,1502
1492747318596,1502,HTTP Request,Non HTTP response code: org.apache.http.conn.ConnectTimeoutException,Non HTTP response message: Connect to 10.138.0.2:80 timed out,Thread Group 123-1,text,false,,1658,0,1,141,0,0,1502
1492747318596,1502,HTTP Request,Non HTTP response code: org.apache.http.conn.ConnectTimeoutException,Non HTTP response message: Connect to 10.138.0.2:80 timed out,Thread Group 133-1,text,false,,1658,0,1,141,0,0,1502
1492747318597,1501,HTTP Request,Non HTTP response code: org.apache.http.conn.ConnectTimeoutException,Non HTTP response message: Connect to 10.138.0.2:80 timed out,Thread Group 84-1,text,false,,1658,0,1,141,0,0,1501
1492747318597,1502,HTTP Request,Non HTTP response code: org.apache.http.conn.ConnectTimeoutException,Non HTTP response message: Connect to 10.138.0.2:80 timed out,Thread Group 97-1,text,false,,1658,0,1,141,0,0,1502
1492747318598,1501,HTTP Request,Non HTTP response code: org.apache.http.conn.ConnectTimeoutException,Non HTTP response message: Connect to 10.138.0.2:80 timed out,Thread Group 128-1,text,false,,1658,0,1,141,0,0,1501
1492747318597,1502,HTTP Request,Non HTTP response code: org.apache.http.conn.ConnectTimeoutException,Non HTTP response message: Connect to 10.138.0.2:80 timed out,Thread Group 98-1,text,false,,1658,0,1,141,0,0,1502
1492747318598,1502,HTTP Request,Non HTTP response code: org.apache.http.conn.ConnectTimeoutException,Non HTTP response message: Connect to 10.138.0.2:80 timed out,Thread Group 125-1,text,false,,1658,0,1,141,0,0,1502
1492747318616,1502,HTTP Request,Non HTTP response code: org.apache.http.conn.ConnectTimeoutException,Non HTTP response message: Connect to 10.138.0.2:80 timed out,Thread Group 42-1,text,false,,1658,0,1,141,0,0,1502
1492747318616,1502,HTTP Request,Non HTTP response code: org.apache.http.conn.ConnectTimeoutException,Non HTTP response message: Connect to 10.138.0.2:80 timed out,Thread Group 112-1,text,false,,1658,0,1,141,0,0,1502
1492747318617,1502,HTTP Request,Non HTTP response code: org.apache.http.conn.ConnectTimeoutException,Non HTTP response message: Connect to 10.138.0.2:80 timed out,Thread Group 50-1,text,false,,1658,0,1,141,0,0,1502
1492747318644,1502,HTTP Request,Non HTTP response code: org.apache.http.conn.ConnectTimeoutException,Non HTTP response message: Connect to 10.138.0.2:80 timed out,Thread Group 10-1,text,false,,1658,0,1,141,0,0,1502
1492747318646,1502,HTTP Request,Non HTTP response code: org.apache.http.conn.ConnectTimeoutException,Non HTTP response message: Connect to 10.138.0.2:80 timed out,Thread Group 37-1,text,false,,1658,0,1,141,0,0,1502
1492747318674,1502,HTTP Request,Non HTTP response code: org.apache.http.conn.ConnectTimeoutException,Non HTTP response message: Connect to 10.138.0.2:80 timed out,Thread Group 41-1,text,false,,1658,0,1,141,0,0,1502
1492747318674,1503,HTTP Request,Non HTTP response code: org.apache.http.conn.ConnectTimeoutException,Non HTTP response message: Connect to 10.138.0.2:80 timed out,Thread Group 44-1,text,false,,1658,0,1,141,0,0,1503
1492747318675,1502,HTTP Request,Non HTTP response code: org.apache.http.conn.ConnectTimeoutException,Non HTTP response message: Connect to 10.138.0.2:80 timed out,Thread Group 7-1,text,false,,1658,0,1,141,0,0,1502
1492747318676,1504,HTTP Request,Non HTTP response code: org.apache.http.conn.ConnectTimeoutException,Non HTTP response message: Connect to 10.138.0.2:80 timed out,Thread Group 6-1,text,false,,1658,0,1,141,0,0,1504
1492747318676,1504,HTTP Request,Non HTTP response code: org.apache.http.conn.ConnectTimeoutException,Non HTTP response message: Connect to 10.138.0.2:80 timed out,Thread Group 63-1,text,false,,1658,0,1,141,0,0,1504
1492747318677,1503,HTTP Request,Non HTTP response code: org.apache.http.conn.ConnectTimeoutException,Non HTTP response message: Connect to 10.138.0.2:80 timed out,Thread Group 99-1,text,false,,1658,0,1,141,0,0,1503
1492747318677,1504,HTTP Request,Non HTTP response code: org.apache.http.conn.ConnectTimeoutException,Non HTTP response message: Connect to 10.138.0.2:80 timed out,Thread Group 48-1,text,false,,1658,0,1,141,0,0,1504
1492747318678,1503,HTTP Request,Non HTTP response code: org.apache.http.conn.ConnectTimeoutException,Non HTTP response message: Connect to 10.138.0.2:80 timed out,Thread Group 110-1,text,false,,1658,0,1,141,0,0,1503
1492747318679,1502,HTTP Request,Non HTTP response code: org.apache.http.conn.ConnectTimeoutException,Non HTTP response message: Connect to 10.138.0.2:80 timed out,Thread Group 80-1,text,false,,1658,0,1,141,0,0,1502
1492747318679,1503,HTTP Request,Non HTTP response code: org.apache.http.conn.ConnectTimeoutException,Non HTTP response message: Connect to 10.138.0.2:80 timed out,Thread Group 47-1,text,false,,1658,0,1,141,0,0,1503
1492747318680,1502,HTTP Request,Non HTTP response code: org.apache.http.conn.ConnectTimeoutException,Non HTTP response message: Connect to 10.138.0.2:80 timed out,Thread Group 94-1,text,false,,1658,0,1,141,0,0,1502
1492747318680,1502,HTTP Request,Non HTTP response code: org.apache.http.conn.ConnectTimeoutException,Non HTTP response message: Connect to 10.138.0.2:80 timed out,Thread Group 30-1,text,false,,1658,0,1,141,0,0,1502
1492747318675,1508,HTTP Request,Non HTTP response code: org.apache.http.conn.ConnectTimeoutException,Non HTTP response message: Connect to 10.138.0.2:80 timed out,Thread Group 64-1,text,false,,1658,0,1,141,0,0,1508
1492747318678,1501,HTTP Request,Non HTTP response code: org.apache.http.conn.ConnectTimeoutException,Non HTTP response message: Connect to 10.138.0.2:80 timed out,Thread Group 72-1,text,false,,1658,0,1,141,0,0,1501
1492747318727,1502,HTTP Request,Non HTTP response code: org.apache.http.conn.ConnectTimeoutException,Non HTTP response message: Connect to 10.138.0.2:80 timed out,Thread Group 118-1,text,false,,1658,0,1,141,0,0,1502
1492747318733,1502,HTTP Request,Non HTTP response code: org.apache.http.conn.ConnectTimeoutException,Non HTTP response message: Connect to 10.138.0.2:80 timed out,Thread Group 116-1,text,false,,1658,0,1,141,0,0,1502
1492747318731,1506,HTTP Request,Non HTTP response code: org.apache.http.conn.ConnectTimeoutException,Non HTTP response message: Connect to 10.138.0.2:80 timed out,Thread Group 52-1,text,false,,1658,0,1,141,0,0,1506
1492747318732,1506,HTTP Request,Non HTTP response code: java.net.SocketTimeoutException,Non HTTP response message: Read timed out,Thread Group 130-1,text,false,,2690,0,1,141,0,0,4
1492747318729,1509,HTTP Request,Non HTTP response code: java.net.SocketTimeoutException,Non HTTP response message: Read timed out,Thread Group 18-1,text,false,,2690,0,1,141,0,0,7
1492747318725,1514,HTTP Request,Non HTTP response code: java.net.SocketTimeoutException,Non HTTP response message: Read timed out,Thread Group 15-1,text,false,,2690,0,1,141,0,0,11
1492747318729,1522,HTTP Request,Non HTTP response code: java.net.SocketTimeoutException,Non HTTP response message: Read timed out,Thread Group 35-1,text,false,,2690,0,1,141,0,0,7
1492747318720,1532,HTTP Request,Non HTTP response code: java.net.SocketTimeoutException,Non HTTP response message: Read timed out,Thread Group 11-1,text,false,,2690,0,1,141,0,0,18
1492747318730,1522,HTTP Request,Non HTTP response code: java.net.SocketTimeoutException,Non HTTP response message: Read timed out,Thread Group 55-1,text,false,,2690,0,1,141,0,0,8
1492747318730,1522,HTTP Request,Non HTTP response code: java.net.SocketTimeoutException,Non HTTP response message: Read timed out,Thread Group 27-1,text,false,,2690,0,1,141,0,0,8
1492747318724,1529,HTTP Request,Non HTTP response code: java.net.SocketTimeoutException,Non HTTP response message: Read timed out,Thread Group 105-1,text,false,,2690,0,1,141,0,0,14
1492747318724,1529,HTTP Request,Non HTTP response code: java.net.SocketTimeoutException,Non HTTP response message: Read timed out,Thread Group 88-1,text,false,,2690,0,1,141,0,0,14
1492747318725,1529,HTTP Request,Non HTTP response code: java.net.SocketTimeoutException,Non HTTP response message: Read timed out,Thread Group 75-1,text,false,,2690,0,1,141,0,0,13
1492747318726,1528,HTTP Request,Non HTTP response code: java.net.SocketTimeoutException,Non HTTP response message: Read timed out,Thread Group 138-1,text,false,,2690,0,1,141,0,0,12
1492747318722,1533,HTTP Request,Non HTTP response code: java.net.SocketTimeoutException,Non HTTP response message: Read timed out,Thread Group 96-1,text,false,,2690,0,1,141,0,0,16
1492747318726,1513,HTTP Request,Non HTTP response code: java.net.SocketTimeoutException,Non HTTP response message: Read timed out,Thread Group 51-1,text,false,,2690,0,1,141,0,0,10
1492747318730,1511,HTTP Request,Non HTTP response code: java.net.SocketTimeoutException,Non HTTP response message: Read timed out,Thread Group 124-1,text,false,,2690,0,1,141,0,0,8
1492747318721,1520,HTTP Request,Non HTTP response code: java.net.SocketTimeoutException,Non HTTP response message: Read timed out,Thread Group 53-1,text,false,,2690,0,1,141,0,0,17
1492747318721,1519,HTTP Request,Non HTTP response code: java.net.SocketTimeoutException,Non HTTP response message: Read timed out,Thread Group 67-1,text,false,,2690,0,1,141,0,0,17
1492747318731,1528,HTTP Request,Non HTTP response code: java.net.SocketTimeoutException,Non HTTP response message: Read timed out,Thread Group 5-1,text,false,,2690,0,1,141,0,0,7
1492747318731,1509,HTTP Request,Non HTTP response code: java.net.SocketTimeoutException,Non HTTP response message: Read timed out,Thread Group 58-1,text,false,,2690,0,1,141,0,0,7
1492747318732,1528,HTTP Request,Non HTTP response code: java.net.SocketTimeoutException,Non HTTP response message: Read timed out,Thread Group 21-1,text,false,,2690,0,1,141,0,0,6
1492747318727,1513,HTTP Request,Non HTTP response code: java.net.SocketTimeoutException,Non HTTP response message: Read timed out,Thread Group 70-1,text,false,,2690,0,1,141,0,0,10
1492747318728,1512,HTTP Request,Non HTTP response code: java.net.SocketTimeoutException,Non HTTP response message: Read timed out,Thread Group 127-1,text,false,,2690,0,1,141,0,0,9
1492747318725,1536,HTTP Request,Non HTTP response code: java.net.SocketTimeoutException,Non HTTP response message: Read timed out,Thread Group 34-1,text,false,,2690,0,1,141,0,0,12
1492747318732,1508,HTTP Request,Non HTTP response code: java.net.SocketTimeoutException,Non HTTP response message: Read timed out,Thread Group 66-1,text,false,,2690,0,1,141,0,0,5
1492747318723,1517,HTTP Request,Non HTTP response code: java.net.SocketTimeoutException,Non HTTP response message: Read timed out,Thread Group 36-1,text,false,,2690,0,1,141,0,0,14
1492747318727,1513,HTTP Request,Non HTTP response code: java.net.SocketTimeoutException,Non HTTP response message: Read timed out,Thread Group 131-1,text,false,,2690,0,1,141,0,0,10
1492747318728,1512,HTTP Request,Non HTTP response code: java.net.SocketTimeoutException,Non HTTP response message: Read timed out,Thread Group 90-1,text,false,,2690,0,1,141,0,0,9
1492747318722,1518,HTTP Request,Non HTTP response code: java.net.SocketTimeoutException,Non HTTP response message: Read timed out,Thread Group 120-1,text,false,,2690,0,1,141,0,0,15
1492747318722,1518,HTTP Request,Non HTTP response code: java.net.SocketTimeoutException,Non HTTP response message: Read timed out,Thread Group 139-1,text,false,,2690,0,1,141,0,0,14
1492747318728,1512,HTTP Request,Non HTTP response code: java.net.SocketTimeoutException,Non HTTP response message: Read timed out,Thread Group 60-1,text,false,,2690,0,1,141,0,0,8
1492747318733,1507,HTTP Request,Non HTTP response code: java.net.SocketTimeoutException,Non HTTP response message: Read timed out,Thread Group 134-1,text,false,,2690,0,1,141,0,0,3
1492747318726,1513,HTTP Request,Non HTTP response code: java.net.SocketTimeoutException,Non HTTP response message: Read timed out,Thread Group 81-1,text,false,,2690,0,1,141,0,0,10
1492747318723,1517,HTTP Request,Non HTTP response code: java.net.SocketTimeoutException,Non HTTP response message: Read timed out,Thread Group 76-1,text,false,,2690,0,1,141,0,0,15
1492747318018,2500,HTTP Request,Non HTTP response code: java.net.SocketTimeoutException,Non HTTP response message: Read timed out,Thread Group 74-1,text,false,,2690,0,1,141,0,0,998
1492747319294,1514,HTTP Request,Non HTTP response code: java.net.SocketTimeoutException,Non HTTP response message: Read timed out,Thread Group 46-1,text,false,,2690,0,1,141,0,0,12
1492747318643,2500,HTTP Request,Non HTTP response code: java.net.SocketTimeoutException,Non HTTP response message: Read timed out,Thread Group 56-1,text,false,,2690,0,1,141,0,0,998
1492747319830,1502,HTTP Request,Non HTTP response code: java.net.SocketTimeoutException,Non HTTP response message: Read timed out,Thread Group 104-1,text,false,,2690,0,1,141,0,0,1
1492747320038,1504,HTTP Request,Non HTTP response code: java.net.SocketTimeoutException,Non HTTP response message: Read timed out,Thread Group 77-1,text,false,,2690,0,1,141,0,0,2
1492747320040,1503,HTTP Request,Non HTTP response code: java.net.SocketTimeoutException,Non HTTP response message: Read timed out,Thread Group 45-1,text,false,,2690,0,1,141,0,0,0
1492747320039,1504,HTTP Request,Non HTTP response code: java.net.SocketTimeoutException,Non HTTP response message: Read timed out,Thread Group 24-1,text,false,,2690,0,1,141,0,0,1
1492747320038,1505,HTTP Request,Non HTTP response code: java.net.SocketTimeoutException,Non HTTP response message: Read timed out,Thread Group 20-1,text,false,,2690,0,1,141,0,0,3
1492747320040,1504,HTTP Request,Non HTTP response code: java.net.SocketTimeoutException,Non HTTP response message: Read timed out,Thread Group 17-1,text,false,,2690,0,1,141,0,0,1
1492747320039,1505,HTTP Request,Non HTTP response code: java.net.SocketTimeoutException,Non HTTP response message: Read timed out,Thread Group 39-1,text,false,,2690,0,1,141,0,0,2
1492747320038,1507,HTTP Request,Non HTTP response code: java.net.SocketTimeoutException,Non HTTP response message: Read timed out,Thread Group 3-1,text,false,,2690,0,1,141,0,0,6
1492747320044,1502,HTTP Request,Non HTTP response code: java.net.SocketTimeoutException,Non HTTP response message: Read timed out,Thread Group 1-1,text,false,,2690,0,1,141,0,0,0
1492747320048,1502,HTTP Request,Non HTTP response code: java.net.SocketTimeoutException,Non HTTP response message: Read timed out,Thread Group 38-1,text,false,,2690,0,1,141,0,0,1
1492747320049,1502,HTTP Request,Non HTTP response code: java.net.SocketTimeoutException,Non HTTP response message: Read timed out,Thread Group 82-1,text,false,,2690,0,1,141,0,0,0
1492747320048,1503,HTTP Request,Non HTTP response code: java.net.SocketTimeoutException,Non HTTP response message: Read timed out,Thread Group 85-1,text,false,,2690,0,1,141,0,0,1
1492747320050,1502,HTTP Request,Non HTTP response code: java.net.SocketTimeoutException,Non HTTP response message: Read timed out,Thread Group 33-1,text,false,,2690,0,1,141,0,0,1
1492747320050,1502,HTTP Request,Non HTTP response code: java.net.SocketTimeoutException,Non HTTP response message: Read timed out,Thread Group 68-1,text,false,,2690,0,1,141,0,0,1
1492747320050,1502,HTTP Request,Non HTTP response code: java.net.SocketTimeoutException,Non HTTP response message: Read timed out,Thread Group 54-1,text,false,,2690,0,1,141,0,0,1
1492747320050,1503,HTTP Request,Non HTTP response code: java.net.SocketTimeoutException,Non HTTP response message: Read timed out,Thread Group 83-1,text,false,,2690,0,1,141,0,0,1
1492747320078,1502,HTTP Request,Non HTTP response code: java.net.SocketTimeoutException,Non HTTP response message: Read timed out,Thread Group 119-1,text,false,,2690,0,1,141,0,0,1
1492747320079,1501,HTTP Request,Non HTTP response code: java.net.SocketTimeoutException,Non HTTP response message: Read timed out,Thread Group 114-1,text,false,,2690,0,1,141,0,0,0
1492747320077,1502,HTTP Request,Non HTTP response code: java.net.SocketTimeoutException,Non HTTP response message: Read timed out,Thread Group 108-1,text,false,,2690,0,1,141,0,0,0
1492747320080,1502,HTTP Request,Non HTTP response code: java.net.SocketTimeoutException,Non HTTP response message: Read timed out,Thread Group 12-1,text,false,,2690,0,1,141,0,0,1
1492747320080,1503,HTTP Request,Non HTTP response code: java.net.SocketTimeoutException,Non HTTP response message: Read timed out,Thread Group 89-1,text,false,,2690,0,1,141,0,0,1
1492747320079,1504,HTTP Request,Non HTTP response code: java.net.SocketTimeoutException,Non HTTP response message: Read timed out,Thread Group 115-1,text,false,,2690,0,1,141,0,0,2
1492747320081,1503,HTTP Request,Non HTTP response code: java.net.SocketTimeoutException,Non HTTP response message: Read timed out,Thread Group 91-1,text,false,,2690,0,1,141,0,0,0
1492747320079,1505,HTTP Request,Non HTTP response code: java.net.SocketTimeoutException,Non HTTP response message: Read timed out,Thread Group 107-1,text,false,,2690,0,1,141,0,0,2
1492747320078,1507,HTTP Request,Non HTTP response code: java.net.SocketTimeoutException,Non HTTP response message: Read timed out,Thread Group 100-1,text,false,,2690,0,1,141,0,0,3
1492747320078,1507,HTTP Request,Non HTTP response code: java.net.SocketTimeoutException,Non HTTP response message: Read timed out,Thread Group 111-1,text,false,,2690,0,1,141,0,0,3
1492747320080,1505,HTTP Request,Non HTTP response code: java.net.SocketTimeoutException,Non HTTP response message: Read timed out,Thread Group 23-1,text,false,,2690,0,1,141,0,0,1
1492747320077,1509,HTTP Request,Non HTTP response code: java.net.SocketTimeoutException,Non HTTP response message: Read timed out,Thread Group 87-1,text,false,,2690,0,1,141,0,0,4
1492747320076,1510,HTTP Request,Non HTTP response code: java.net.SocketTimeoutException,Non HTTP response message: Read timed out,Thread Group 61-1,text,false,,2690,0,1,141,0,0,5
1492747320082,1504,HTTP Request,Non HTTP response code: java.net.SocketTimeoutException,Non HTTP response message: Read timed out,Thread Group 141-1,text,false,,2690,0,1,141,0,0,1
1492747320083,1504,HTTP Request,Non HTTP response code: java.net.SocketTimeoutException,Non HTTP response message: Read timed out,Thread Group 95-1,text,false,,2690,0,1,141,0,0,0
1492747320082,1505,HTTP Request,Non HTTP response code: java.net.SocketTimeoutException,Non HTTP response message: Read timed out,Thread Group 137-1,text,false,,2690,0,1,141,0,0,1
1492747320082,1506,HTTP Request,Non HTTP response code: java.net.SocketTimeoutException,Non HTTP response message: Read timed out,Thread Group 9-1,text,false,,2690,0,1,141,0,0,2
1492747320084,1504,HTTP Request,Non HTTP response code: java.net.SocketTimeoutException,Non HTTP response message: Read timed out,Thread Group 59-1,text,false,,2690,0,1,141,0,0,0
1492747320083,1508,HTTP Request,Non HTTP response code: java.net.SocketTimeoutException,Non HTTP response message: Read timed out,Thread Group 92-1,text,false,,2690,0,1,141,0,0,5
1492747320099,1503,HTTP Request,Non HTTP response code: java.net.SocketTimeoutException,Non HTTP response message: Read timed out,Thread Group 128-1,text,false,,2690,0,1,141,0,0,1
1492747320099,1504,HTTP Request,Non HTTP response code: java.net.SocketTimeoutException,Non HTTP response message: Read timed out,Thread Group 84-1,text,false,,2690,0,1,141,0,0,1
1492747320100,1503,HTTP Request,Non HTTP response code: java.net.SocketTimeoutException,Non HTTP response message: Read timed out,Thread Group 125-1,text,false,,2690,0,1,141,0,0,0
1492747320100,1503,HTTP Request,Non HTTP response code: java.net.SocketTimeoutException,Non HTTP response message: Read timed out,Thread Group 98-1,text,false,,2690,0,1,141,0,0,0
1492747320098,1506,HTTP Request,Non HTTP response code: java.net.SocketTimeoutException,Non HTTP response message: Read timed out,Thread Group 133-1,text,false,,2690,0,1,141,0,0,3
1492747320098,1506,HTTP Request,Non HTTP response code: java.net.SocketTimeoutException,Non HTTP response message: Read timed out,Thread Group 123-1,text,false,,2690,0,1,141,0,0,3
1492747320099,1505,HTTP Request,Non HTTP response code: java.net.SocketTimeoutException,Non HTTP response message: Read timed out,Thread Group 97-1,text,false,,2690,0,1,141,0,0,2
1492747320119,1502,HTTP Request,Non HTTP response code: java.net.SocketTimeoutException,Non HTTP response message: Read timed out,Thread Group 112-1,text,false,,2690,0,1,141,0,0,0
1492747320119,1503,HTTP Request,Non HTTP response code: java.net.SocketTimeoutException,Non HTTP response message: Read timed out,Thread Group 50-1,text,false,,2690,0,1,141,0,0,1
1492747320118,1504,HTTP Request,Non HTTP response code: java.net.SocketTimeoutException,Non HTTP response message: Read timed out,Thread Group 42-1,text,false,,2690,0,1,141,0,0,2
1492747320146,1502,HTTP Request,Non HTTP response code: java.net.SocketTimeoutException,Non HTTP response message: Read timed out,Thread Group 10-1,text,false,,2690,0,1,141,0,0,0
1492747320148,1502,HTTP Request,Non HTTP response code: java.net.SocketTimeoutException,Non HTTP response message: Read timed out,Thread Group 37-1,text,false,,2690,0,1,141,0,0,0
1492747320180,1505,HTTP Request,Non HTTP response code: java.net.SocketTimeoutException,Non HTTP response message: Read timed out,Thread Group 63-1,text,false,,2690,0,1,141,0,0,3
1492747320182,1504,HTTP Request,Non HTTP response code: java.net.SocketTimeoutException,Non HTTP response message: Read timed out,Thread Group 47-1,text,false,,2690,0,1,141,0,0,1
1492747320182,1504,HTTP Request,Non HTTP response code: java.net.SocketTimeoutException,Non HTTP response message: Read timed out,Thread Group 94-1,text,false,,2690,0,1,141,0,0,2
1492747320180,1506,HTTP Request,Non HTTP response code: java.net.SocketTimeoutException,Non HTTP response message: Read timed out,Thread Group 99-1,text,false,,2690,0,1,141,0,0,4
1492747320181,1506,HTTP Request,Non HTTP response code: java.net.SocketTimeoutException,Non HTTP response message: Read timed out,Thread Group 80-1,text,false,,2690,0,1,141,0,0,3
1492747320181,1506,HTTP Request,Non HTTP response code: java.net.SocketTimeoutException,Non HTTP response message: Read timed out,Thread Group 48-1,text,false,,2690,0,1,141,0,0,3
1492747320182,1505,HTTP Request,Non HTTP response code: java.net.SocketTimeoutException,Non HTTP response message: Read timed out,Thread Group 30-1,text,false,,2690,0,1,141,0,0,2
1492747320180,1508,HTTP Request,Non HTTP response code: java.net.SocketTimeoutException,Non HTTP response message: Read timed out,Thread Group 6-1,text,false,,2690,0,1,141,0,0,4
1492747320183,1505,HTTP Request,Non HTTP response code: java.net.SocketTimeoutException,Non HTTP response message: Read timed out,Thread Group 64-1,text,false,,2690,0,1,141,0,0,1
1492747320181,1507,HTTP Request,Non HTTP response code: java.net.SocketTimeoutException,Non HTTP response message: Read timed out,Thread Group 110-1,text,false,,2690,0,1,141,0,0,2
1492747320177,1511,HTTP Request,Non HTTP response code: java.net.SocketTimeoutException,Non HTTP response message: Read timed out,Thread Group 44-1,text,false,,2690,0,1,141,0,0,7
1492747320183,1506,HTTP Request,Non HTTP response code: java.net.SocketTimeoutException,Non HTTP response message: Read timed out,Thread Group 72-1,text,false,,2690,0,1,141,0,0,1
1492747320177,1512,HTTP Request,Non HTTP response code: java.net.SocketTimeoutException,Non HTTP response message: Read timed out,Thread Group 7-1,text,false,,2690,0,1,141,0,0,7
1492747320176,1513,HTTP Request,Non HTTP response code: java.net.SocketTimeoutException,Non HTTP response message: Read timed out,Thread Group 41-1,text,false,,2690,0,1,141,0,0,8
1492747320229,1502,HTTP Request,Non HTTP response code: java.net.SocketTimeoutException,Non HTTP response message: Read timed out,Thread Group 118-1,text,false,,2690,0,1,141,0,0,0
1492747320235,1502,HTTP Request,Non HTTP response code: java.net.SocketTimeoutException,Non HTTP response message: Read timed out,Thread Group 116-1,text,false,,2690,0,1,141,0,0,0
1492747320238,1515,HTTP Request,Non HTTP response code: java.net.SocketTimeoutException,Non HTTP response message: Read timed out,Thread Group 130-1,text,false,,2690,0,1,141,0,0,13
1492747320237,1516,HTTP Request,Non HTTP response code: java.net.SocketTimeoutException,Non HTTP response message: Read timed out,Thread Group 52-1,text,false,,2690,0,1,141,0,0,14
1492747320239,1515,HTTP Request,Non HTTP response code: java.net.SocketTimeoutException,Non HTTP response message: Read timed out,Thread Group 15-1,text,false,,2690,0,1,141,0,0,12
1492747320239,1515,HTTP Request,Non HTTP response code: java.net.SocketTimeoutException,Non HTTP response message: Read timed out,Thread Group 18-1,text,false,,2690,0,1,141,0,0,12
1492747320252,1504,HTTP Request,Non HTTP response code: java.net.SocketTimeoutException,Non HTTP response message: Read timed out,Thread Group 55-1,text,false,,2690,0,1,141,0,0,3
1492747320253,1503,HTTP Request,Non HTTP response code: java.net.SocketTimeoutException,Non HTTP response message: Read timed out,Thread Group 27-1,text,false,,2690,0,1,141,0,0,2
1492747320255,1501,HTTP Request,Non HTTP response code: java.net.SocketTimeoutException,Non HTTP response message: Read timed out,Thread Group 96-1,text,false,,2690,0,1,141,0,0,0
1492747320253,1504,HTTP Request,Non HTTP response code: java.net.SocketTimeoutException,Non HTTP response message: Read timed out,Thread Group 105-1,text,false,,2690,0,1,141,0,0,2
1492747320254,1503,HTTP Request,Non HTTP response code: java.net.SocketTimeoutException,Non HTTP response message: Read timed out,Thread Group 138-1,text,false,,2690,0,1,141,0,0,1
1492747320252,1505,HTTP Request,Non HTTP response code: java.net.SocketTimeoutException,Non HTTP response message: Read timed out,Thread Group 11-1,text,false,,2690,0,1,141,0,0,4
1492747320253,1505,HTTP Request,Non HTTP response code: java.net.SocketTimeoutException,Non HTTP response message: Read timed out,Thread Group 88-1,text,false,,2690,0,1,141,0,0,3
1492747320254,1504,HTTP Request,Non HTTP response code: java.net.SocketTimeoutException,Non HTTP response message: Read timed out,Thread Group 75-1,text,false,,2690,0,1,141,0,0,1
1492747320255,1503,HTTP Request,Non HTTP response code: java.net.SocketTimeoutException,Non HTTP response message: Read timed out,Thread Group 35-1,text,false,,2690,0,1,141,0,0,1
1492747320264,1503,HTTP Request,Non HTTP response code: java.net.SocketTimeoutException,Non HTTP response message: Read timed out,Thread Group 60-1,text,false,,2690,0,1,141,0,0,1
1492747320256,1511,HTTP Request,Non HTTP response code: java.net.SocketTimeoutException,Non HTTP response message: Read timed out,Thread Group 51-1,text,false,,2690,0,1,141,0,0,9
1492747320260,1508,HTTP Request,Non HTTP response code: java.net.SocketTimeoutException,Non HTTP response message: Read timed out,Thread Group 58-1,text,false,,2690,0,1,141,0,0,5
1492747320262,1506,HTTP Request,Non HTTP response code: java.net.SocketTimeoutException,Non HTTP response message: Read timed out,Thread Group 36-1,text,false,,2690,0,1,141,0,0,3
1492747320263,1505,HTTP Request,Non HTTP response code: java.net.SocketTimeoutException,Non HTTP response message: Read timed out,Thread Group 120-1,text,false,,2690,0,1,141,0,0,2
1492747320264,1505,HTTP Request,Non HTTP response code: java.net.SocketTimeoutException,Non HTTP response message: Read timed out,Thread Group 134-1,text,false,,2690,0,1,141,0,0,1
1492747320264,1505,HTTP Request,Non HTTP response code: java.net.SocketTimeoutException,Non HTTP response message: Read timed out,Thread Group 81-1,text,false,,2690,0,1,141,0,0,1
1492747320261,1508,HTTP Request,Non HTTP response code: java.net.SocketTimeoutException,Non HTTP response message: Read timed out,Thread Group 127-1,text,false,,2690,0,1,141,0,0,5
1492747320260,1509,HTTP Request,Non HTTP response code: java.net.SocketTimeoutException,Non HTTP response message: Read timed out,Thread Group 70-1,text,false,,2690,0,1,141,0,0,6
1492747320259,1511,HTTP Request,Non HTTP response code: java.net.SocketTimeoutException,Non HTTP response message: Read timed out,Thread Group 67-1,text,false,,2690,0,1,141,0,0,7
1492747320262,1508,HTTP Request,Non HTTP response code: java.net.SocketTimeoutException,Non HTTP response message: Read timed out,Thread Group 131-1,text,false,,2690,0,1,141,0,0,4
1492747320258,1512,HTTP Request,Non HTTP response code: java.net.SocketTimeoutException,Non HTTP response message: Read timed out,Thread Group 53-1,text,false,,2690,0,1,141,0,0,8
1492747320256,1515,HTTP Request,Non HTTP response code: java.net.SocketTimeoutException,Non HTTP response message: Read timed out,Thread Group 124-1,text,false,,2690,0,1,141,0,0,10
1492747320265,1506,HTTP Request,Non HTTP response code: java.net.SocketTimeoutException,Non HTTP response message: Read timed out,Thread Group 76-1,text,false,,2690,0,1,141,0,0,1
1492747320263,1508,HTTP Request,Non HTTP response code: java.net.SocketTimeoutException,Non HTTP response message: Read timed out,Thread Group 90-1,text,false,,2690,0,1,141,0,0,3
1492747320260,1512,HTTP Request,Non HTTP response code: java.net.SocketTimeoutException,Non HTTP response message: Read timed out,Thread Group 21-1,text,false,,2690,0,1,141,0,0,6
1492747320259,1513,HTTP Request,Non HTTP response code: java.net.SocketTimeoutException,Non HTTP response message: Read timed out,Thread Group 5-1,text,false,,2690,0,1,141,0,0,7
1492747320263,1509,HTTP Request,Non HTTP response code: java.net.SocketTimeoutException,Non HTTP response message: Read timed out,Thread Group 139-1,text,false,,2690,0,1,141,0,0,3
1492747320261,1512,HTTP Request,Non HTTP response code: java.net.SocketTimeoutException,Non HTTP response message: Read timed out,Thread Group 34-1,text,false,,2690,0,1,141,0,0,5
1492747320262,1505,HTTP Request,Non HTTP response code: java.net.SocketTimeoutException,Non HTTP response message: Read timed out,Thread Group 66-1,text,false,,2690,0,1,141,0,0,3
1492747319297,2501,HTTP Request,Non HTTP response code: java.net.SocketTimeoutException,Non HTTP response message: Read timed out,Thread Group 126-1,text,false,,2690,0,1,141,0,0,999
1492747319299,2500,HTTP Request,Non HTTP response code: java.net.SocketTimeoutException,Non HTTP response message: Read timed out,Thread Group 113-1,text,false,,2690,0,1,141,0,0,997
1492747319298,2501,HTTP Request,Non HTTP response code: java.net.SocketTimeoutException,Non HTTP response message: Read timed out,Thread Group 93-1,text,false,,2690,0,1,141,0,0,998
1492747319305,2568,HTTP Request,Non HTTP response code: java.net.SocketTimeoutException,Non HTTP response message: Read timed out,Thread Group 19-1,text,false,,2690,0,1,141,0,0,1000
1492747319305,2569,HTTP Request,Non HTTP response code: java.net.SocketTimeoutException,Non HTTP response message: Read timed out,Thread Group 26-1,text,false,,2690,0,1,141,0,0,1000
1492747319304,2570,HTTP Request,Non HTTP response code: java.net.SocketTimeoutException,Non HTTP response message: Read timed out,Thread Group 43-1,text,false,,2690,0,1,141,0,0,1001
1492747319305,2570,HTTP Request,Non HTTP response code: java.net.SocketTimeoutException,Non HTTP response message: Read timed out,Thread Group 78-1,text,false,,2690,0,1,141,0,0,1000
1492747319304,2571,HTTP Request,Non HTTP response code: java.net.SocketTimeoutException,Non HTTP response message: Read timed out,Thread Group 4-1,text,false,,2690,0,1,141,0,0,1000
1492747319295,2581,HTTP Request,Non HTTP response code: java.net.SocketTimeoutException,Non HTTP response message: Read timed out,Thread Group 13-1,text,false,,2690,0,1,141,0,0,1009
1492747319306,2570,HTTP Request,Non HTTP response code: java.net.SocketTimeoutException,Non HTTP response message: Read timed out,Thread Group 22-1,text,false,,2690,0,1,141,0,0,998
1492747319304,2572,HTTP Request,Non HTTP response code: java.net.SocketTimeoutException,Non HTTP response message: Read timed out,Thread Group 79-1,text,false,,2690,0,1,141,0,0,1000
1492747319306,2571,HTTP Request,Non HTTP response code: java.net.SocketTimeoutException,Non HTTP response message: Read timed out,Thread Group 32-1,text,false,,2690,0,1,141,0,0,998
1492747319306,2571,HTTP Request,Non HTTP response code: java.net.SocketTimeoutException,Non HTTP response message: Read timed out,Thread Group 121-1,text,false,,2690,0,1,141,0,0,998
1492747319303,2574,HTTP Request,Non HTTP response code: java.net.SocketTimeoutException,Non HTTP response message: Read timed out,Thread Group 29-1,text,false,,2690,0,1,141,0,0,1001
1492747319303,2575,HTTP Request,Non HTTP response code: java.net.SocketTimeoutException,Non HTTP response message: Read timed out,Thread Group 71-1,text,false,,2690,0,1,141,0,0,998
1492747319301,2578,HTTP Request,Non HTTP response code: java.net.SocketTimeoutException,Non HTTP response message: Read timed out,Thread Group 140-1,text,false,,2690,0,1,141,0,0,1000
1492747319300,2579,HTTP Request,Non HTTP response code: java.net.SocketTimeoutException,Non HTTP response message: Read timed out,Thread Group 132-1,text,false,,2690,0,1,141,0,0,1001
1492747319300,2580,HTTP Request,Non HTTP response code: java.net.SocketTimeoutException,Non HTTP response message: Read timed out,Thread Group 117-1,text,false,,2690,0,1,141,0,0,1001
1492747319303,2577,HTTP Request,Non HTTP response code: java.net.SocketTimeoutException,Non HTTP response message: Read timed out,Thread Group 25-1,text,false,,2690,0,1,141,0,0,998
1492747319300,2580,HTTP Request,Non HTTP response code: java.net.SocketTimeoutException,Non HTTP response message: Read timed out,Thread Group 28-1,text,false,,2690,0,1,141,0,0,1000
1492747319301,2580,HTTP Request,Non HTTP response code: java.net.SocketTimeoutException,Non HTTP response message: Read timed out,Thread Group 102-1,text,false,,2690,0,1,141,0,0,999
1492747319302,2579,HTTP Request,Non HTTP response code: java.net.SocketTimeoutException,Non HTTP response message: Read timed out,Thread Group 136-1,text,false,,2690,0,1,141,0,0,998
1492747319302,2579,HTTP Request,Non HTTP response code: java.net.SocketTimeoutException,Non HTTP response message: Read timed out,Thread Group 109-1,text,false,,2690,0,1,141,0,0,998
1492747319301,2580,HTTP Request,Non HTTP response code: java.net.SocketTimeoutException,Non HTTP response message: Read timed out,Thread Group 14-1,text,false,,2690,0,1,141,0,0,999
1492747319303,2579,HTTP Request,Non HTTP response code: java.net.SocketTimeoutException,Non HTTP response message: Read timed out,Thread Group 8-1,text,false,,2690,0,1,141,0,0,997
1492747319302,2580,HTTP Request,Non HTTP response code: java.net.SocketTimeoutException,Non HTTP response message: Read timed out,Thread Group 31-1,text,false,,2690,0,1,141,0,0,998
1492747319299,2500,HTTP Request,Non HTTP response code: java.net.SocketTimeoutException,Non HTTP response message: Read timed out,Thread Group 135-1,text,false,,2690,0,1,141,0,0,997
1492747319297,2503,HTTP Request,Non HTTP response code: java.net.SocketTimeoutException,Non HTTP response message: Read timed out,Thread Group 49-1,text,false,,2690,0,1,141,0,0,1000
1492747319298,2502,HTTP Request,Non HTTP response code: java.net.SocketTimeoutException,Non HTTP response message: Read timed out,Thread Group 86-1,text,false,,2690,0,1,141,0,0,999
1492747319299,2501,HTTP Request,Non HTTP response code: java.net.SocketTimeoutException,Non HTTP response message: Read timed out,Thread Group 16-1,text,false,,2690,0,1,141,0,0,998
1492747319296,2504,HTTP Request,Non HTTP response code: java.net.SocketTimeoutException,Non HTTP response message: Read timed out,Thread Group 40-1,text,false,,2690,0,1,141,0,0,1001
1492747319299,2501,HTTP Request,Non HTTP response code: java.net.SocketTimeoutException,Non HTTP response message: Read timed out,Thread Group 129-1,text,false,,2690,0,1,141,0,0,998
1492747319297,2503,HTTP Request,Non HTTP response code: java.net.SocketTimeoutException,Non HTTP response message: Read timed out,Thread Group 73-1,text,false,,2690,0,1,141,0,0,1000
1492747319298,2502,HTTP Request,Non HTTP response code: java.net.SocketTimeoutException,Non HTTP response message: Read timed out,Thread Group 122-1,text,false,,2690,0,1,141,0,0,999
1492747319296,2504,HTTP Request,Non HTTP response code: java.net.SocketTimeoutException,Non HTTP response message: Read timed out,Thread Group 106-1,text,false,,2690,0,1,141,0,0,1001
1492747319436,2502,HTTP Request,Non HTTP response code: java.net.SocketTimeoutException,Non HTTP response message: Read timed out,Thread Group 101-1,text,false,,2690,0,1,141,0,0,1000
1492747320518,1503,HTTP Request,Non HTTP response code: java.net.SocketTimeoutException,Non HTTP response message: Read timed out,Thread Group 74-1,text,false,,2690,0,1,141,0,0,1
1492747319561,2501,HTTP Request,Non HTTP response code: java.net.SocketTimeoutException,Non HTTP response message: Read timed out,Thread Group 103-1,text,false,,2690,0,1,141,0,0,999
1492747319640,2502,HTTP Request,Non HTTP response code: java.net.SocketTimeoutException,Non HTTP response message: Read timed out,Thread Group 57-1,text,false,,2690,0,1,141,0,0,1000
1492747319641,2501,HTTP Request,Non HTTP response code: java.net.SocketTimeoutException,Non HTTP response message: Read timed out,Thread Group 69-1,text,false,,2690,0,1,141,0,0,999
1492747319641,2502,HTTP Request,Non HTTP response code: java.net.SocketTimeoutException,Non HTTP response message: Read timed out,Thread Group 2-1,text,false,,2690,0,1,141,0,0,999
1492747319678,2500,HTTP Request,Non HTTP response code: java.net.SocketTimeoutException,Non HTTP response message: Read timed out,Thread Group 62-1,text,false,,2690,0,1,141,0,0,998
1492747319678,2500,HTTP Request,Non HTTP response code: java.net.SocketTimeoutException,Non HTTP response message: Read timed out,Thread Group 65-1,text,false,,2690,0,1,141,0,0,998
1492747320809,1502,HTTP Request,Non HTTP response code: java.net.SocketTimeoutException,Non HTTP response message: Read timed out,Thread Group 46-1,text,false,,2690,0,1,141,0,0,0
1492747321143,1503,HTTP Request,Non HTTP response code: java.net.SocketTimeoutException,Non HTTP response message: Read timed out,Thread Group 56-1,text,false,,2690,0,1,141,0,0,1
1492747321332,1505,HTTP Request,Non HTTP response code: java.net.SocketTimeoutException,Non HTTP response message: Read timed out,Thread Group 104-1,text,false,,2690,0,1,141,0,0,4
1492747321544,1502,HTTP Request,Non HTTP response code: java.net.SocketTimeoutException,Non HTTP response message: Read timed out,Thread Group 17-1,text,false,,2690,0,1,141,0,0,0
1492747321543,1504,HTTP Request,Non HTTP response code: java.net.SocketTimeoutException,Non HTTP response message: Read timed out,Thread Group 24-1,text,false,,2690,0,1,141,0,0,1
1492747321544,1503,HTTP Request,Non HTTP response code: java.net.SocketTimeoutException,Non HTTP response message: Read timed out,Thread Group 39-1,text,false,,2690,0,1,141,0,0,0
1492747321543,1505,HTTP Request,Non HTTP response code: java.net.SocketTimeoutException,Non HTTP response message: Read timed out,Thread Group 45-1,text,false,,2690,0,1,141,0,0,2
1492747321544,1504,HTTP Request,Non HTTP response code: java.net.SocketTimeoutException,Non HTTP response message: Read timed out,Thread Group 20-1,text,false,,2690,0,1,141,0,0,1
1492747321542,1506,HTTP Request,Non HTTP response code: java.net.SocketTimeoutException,Non HTTP response message: Read timed out,Thread Group 77-1,text,false,,2690,0,1,141,0,0,3
1492747321545,1504,HTTP Request,Non HTTP response code: java.net.SocketTimeoutException,Non HTTP response message: Read timed out,Thread Group 3-1,text,false,,2690,0,1,141,0,0,1
1492747321546,1503,HTTP Request,Non HTTP response code: java.net.SocketTimeoutException,Non HTTP response message: Read timed out,Thread Group 1-1,text,false,,2690,0,1,141,0,0,0
1492747321552,1503,HTTP Request,Non HTTP response code: java.net.SocketTimeoutException,Non HTTP response message: Read timed out,Thread Group 68-1,text,false,,2690,0,1,141,0,0,1
1492747321553,1502,HTTP Request,Non HTTP response code: java.net.SocketTimeoutException,Non HTTP response message: Read timed out,Thread Group 83-1,text,false,,2690,0,1,141,0,0,0
1492747321551,1504,HTTP Request,Non HTTP response code: java.net.SocketTimeoutException,Non HTTP response message: Read timed out,Thread Group 82-1,text,false,,2690,0,1,141,0,0,2
1492747321552,1504,HTTP Request,Non HTTP response code: java.net.SocketTimeoutException,Non HTTP response message: Read timed out,Thread Group 33-1,text,false,,2690,0,1,141,0,0,1
1492747321551,1505,HTTP Request,Non HTTP response code: java.net.SocketTimeoutException,Non HTTP response message: Read timed out,Thread Group 38-1,text,false,,2690,0,1,141,0,0,2
1492747321551,1505,HTTP Request,Non HTTP response code: java.net.SocketTimeoutException,Non HTTP response message: Read timed out,Thread Group 85-1,text,false,,2690,0,1,141,0,0,2
1492747321552,1503,HTTP Request,Non HTTP response code: java.net.SocketTimeoutException,Non HTTP response message: Read timed out,Thread Group 54-1,text,false,,2690,0,1,141,0,0,1
1492747321580,1503,HTTP Request,Non HTTP response code: java.net.SocketTimeoutException,Non HTTP response message: Read timed out,Thread Group 114-1,text,false,,2690,0,1,141,0,0,1
1492747321580,1503,HTTP Request,Non HTTP response code: java.net.SocketTimeoutException,Non HTTP response message: Read timed out,Thread Group 119-1,text,false,,2690,0,1,141,0,0,1
1492747321581,1503,HTTP Request,Non HTTP response code: java.net.SocketTimeoutException,Non HTTP response message: Read timed out,Thread Group 108-1,text,false,,2690,0,1,141,0,0,0
1492747321588,1502,HTTP Request,Non HTTP response code: java.net.SocketTimeoutException,Non HTTP response message: Read timed out,Thread Group 9-1,text,false,,2690,0,1,141,0,0,0
1492747321588,1502,HTTP Request,Non HTTP response code: java.net.SocketTimeoutException,Non HTTP response message: Read timed out,Thread Group 59-1,text,false,,2690,0,1,141,0,0,0
1492747321586,1507,HTTP Request,Non HTTP response code: java.net.SocketTimeoutException,Non HTTP response message: Read timed out,Thread Group 23-1,text,false,,2690,0,1,141,0,0,6
1492747321583,1511,HTTP Request,Non HTTP response code: java.net.SocketTimeoutException,Non HTTP response message: Read timed out,Thread Group 89-1,text,false,,2690,0,1,141,0,0,9
1492747321584,1510,HTTP Request,Non HTTP response code: java.net.SocketTimeoutException,Non HTTP response message: Read timed out,Thread Group 91-1,text,false,,2690,0,1,141,0,0,8
1492747321587,1507,HTTP Request,Non HTTP response code: java.net.SocketTimeoutException,Non HTTP response message: Read timed out,Thread Group 95-1,text,false,,2690,0,1,141,0,0,5
1492747321591,1504,HTTP Request,Non HTTP response code: java.net.SocketTimeoutException,Non HTTP response message: Read timed out,Thread Group 92-1,text,false,,2690,0,1,141,0,0,1
1492747321587,1508,HTTP Request,Non HTTP response code: java.net.SocketTimeoutException,Non HTTP response message: Read timed out,Thread Group 141-1,text,false,,2690,0,1,141,0,0,5
1492747321585,1510,HTTP Request,Non HTTP response code: java.net.SocketTimeoutException,Non HTTP response message: Read timed out,Thread Group 100-1,text,false,,2690,0,1,141,0,0,7
1492747321586,1509,HTTP Request,Non HTTP response code: java.net.SocketTimeoutException,Non HTTP response message: Read timed out,Thread Group 61-1,text,false,,2690,0,1,141,0,0,6
1492747321585,1511,HTTP Request,Non HTTP response code: java.net.SocketTimeoutException,Non HTTP response message: Read timed out,Thread Group 111-1,text,false,,2690,0,1,141,0,0,7
1492747321583,1513,HTTP Request,Non HTTP response code: java.net.SocketTimeoutException,Non HTTP response message: Read timed out,Thread Group 12-1,text,false,,2690,0,1,141,0,0,9
1492747321587,1509,HTTP Request,Non HTTP response code: java.net.SocketTimeoutException,Non HTTP response message: Read timed out,Thread Group 137-1,text,false,,2690,0,1,141,0,0,5
1492747321583,1514,HTTP Request,Non HTTP response code: java.net.SocketTimeoutException,Non HTTP response message: Read timed out,Thread Group 115-1,text,false,,2690,0,1,141,0,0,9
1492747321586,1511,HTTP Request,Non HTTP response code: java.net.SocketTimeoutException,Non HTTP response message: Read timed out,Thread Group 87-1,text,false,,2690,0,1,141,0,0,5
1492747321584,1513,HTTP Request,Non HTTP response code: java.net.SocketTimeoutException,Non HTTP response message: Read timed out,Thread Group 107-1,text,false,,2690,0,1,141,0,0,8
1492747321603,1503,HTTP Request,Non HTTP response code: java.net.SocketTimeoutException,Non HTTP response message: Read timed out,Thread Group 125-1,text,false,,2690,0,1,141,0,0,1
1492747321604,1503,HTTP Request,Non HTTP response code: java.net.SocketTimeoutException,Non HTTP response message: Read timed out,Thread Group 123-1,text,false,,2690,0,1,141,0,0,1
1492747321604,1503,HTTP Request,Non HTTP response code: java.net.SocketTimeoutException,Non HTTP response message: Read timed out,Thread Group 97-1,text,false,,2690,0,1,141,0,0,1
1492747321603,1504,HTTP Request,Non HTTP response code: java.net.SocketTimeoutException,Non HTTP response message: Read timed out,Thread Group 98-1,text,false,,2690,0,1,141,0,0,2
1492747321603,1505,HTTP Request,Non HTTP response code: java.net.SocketTimeoutException,Non HTTP response message: Read timed out,Thread Group 84-1,text,false,,2690,0,1,141,0,0,2
1492747321602,1506,HTTP Request,Non HTTP response code: java.net.SocketTimeoutException,Non HTTP response message: Read timed out,Thread Group 128-1,text,false,,2690,0,1,141,0,0,3
1492747321604,1503,HTTP Request,Non HTTP response code: java.net.SocketTimeoutException,Non HTTP response message: Read timed out,Thread Group 133-1,text,false,,2690,0,1,141,0,0,1
1492747321622,1502,HTTP Request,Non HTTP response code: java.net.SocketTimeoutException,Non HTTP response message: Read timed out,Thread Group 50-1,text,false,,2690,0,1,141,0,0,0
1492747321622,1503,HTTP Request,Non HTTP response code: java.net.SocketTimeoutException,Non HTTP response message: Read timed out,Thread Group 42-1,text,false,,2690,0,1,141,0,0,1
1492747321622,1503,HTTP Request,Non HTTP response code: java.net.SocketTimeoutException,Non HTTP response message: Read timed out,Thread Group 112-1,text,false,,2690,0,1,141,0,0,1
1492747321649,1502,HTTP Request,Non HTTP response code: java.net.SocketTimeoutException,Non HTTP response message: Read timed out,Thread Group 10-1,text,false,,2690,0,1,141,0,0,0
1492747321650,1501,HTTP Request,Non HTTP response code: java.net.SocketTimeoutException,Non HTTP response message: Read timed out,Thread Group 37-1,text,false,,2690,0,1,141,0,0,0
1492747321689,1501,HTTP Request,Non HTTP response code: java.net.SocketTimeoutException,Non HTTP response message: Read timed out,Thread Group 72-1,text,false,,2690,0,1,141,0,0,1
1492747321688,1503,HTTP Request,Non HTTP response code: java.net.SocketTimeoutException,Non HTTP response message: Read timed out,Thread Group 6-1,text,false,,2690,0,1,141,0,0,2
1492747321689,1503,HTTP Request,Non HTTP response code: java.net.SocketTimeoutException,Non HTTP response message: Read timed out,Thread Group 41-1,text,false,,2690,0,1,141,0,0,1
1492747321688,1504,HTTP Request,Non HTTP response code: java.net.SocketTimeoutException,Non HTTP response message: Read timed out,Thread Group 64-1,text,false,,2690,0,1,141,0,0,2
1492747321687,1505,HTTP Request,Non HTTP response code: java.net.SocketTimeoutException,Non HTTP response message: Read timed out,Thread Group 30-1,text,false,,2690,0,1,141,0,0,3
1492747321687,1506,HTTP Request,Non HTTP response code: java.net.SocketTimeoutException,Non HTTP response message: Read timed out,Thread Group 48-1,text,false,,2690,0,1,141,0,0,3
1492747321689,1504,HTTP Request,Non HTTP response code: java.net.SocketTimeoutException,Non HTTP response message: Read timed out,Thread Group 7-1,text,false,,2690,0,1,141,0,0,1
1492747321689,1506,HTTP Request,Non HTTP response code: java.net.SocketTimeoutException,Non HTTP response message: Read timed out,Thread Group 44-1,text,false,,2690,0,1,141,0,0,1
1492747321685,1510,HTTP Request,Non HTTP response code: java.net.SocketTimeoutException,Non HTTP response message: Read timed out,Thread Group 63-1,text,false,,2690,0,1,141,0,0,5
1492747321686,1508,HTTP Request,Non HTTP response code: java.net.SocketTimeoutException,Non HTTP response message: Read timed out,Thread Group 47-1,text,false,,2690,0,1,141,0,0,4
1492747321686,1508,HTTP Request,Non HTTP response code: java.net.SocketTimeoutException,Non HTTP response message: Read timed out,Thread Group 94-1,text,false,,2690,0,1,141,0,0,4
1492747321687,1507,HTTP Request,Non HTTP response code: java.net.SocketTimeoutException,Non HTTP response message: Read timed out,Thread Group 99-1,text,false,,2690,0,1,141,0,0,3
1492747321688,1506,HTTP Request,Non HTTP response code: java.net.SocketTimeoutException,Non HTTP response message: Read timed out,Thread Group 110-1,text,false,,2690,0,1,141,0,0,2
1492747321687,1506,HTTP Request,Non HTTP response code: java.net.SocketTimeoutException,Non HTTP response message: Read timed out,Thread Group 80-1,text,false,,2690,0,1,141,0,0,3
1492747321732,1502,HTTP Request,Non HTTP response code: java.net.SocketTimeoutException,Non HTTP response message: Read timed out,Thread Group 118-1,text,false,,2690,0,1,141,0,0,0
1492747321738,1502,HTTP Request,Non HTTP response code: java.net.SocketTimeoutException,Non HTTP response message: Read timed out,Thread Group 116-1,text,false,,2690,0,1,141,0,0,0
1492747321754,1502,HTTP Request,Non HTTP response code: java.net.SocketTimeoutException,Non HTTP response message: Read timed out,Thread Group 15-1,text,false,,2690,0,1,141,0,0,0
1492747321754,1503,HTTP Request,Non HTTP response code: java.net.SocketTimeoutException,Non HTTP response message: Read timed out,Thread Group 18-1,text,false,,2690,0,1,141,0,0,1
1492747321753,1504,HTTP Request,Non HTTP response code: java.net.SocketTimeoutException,Non HTTP response message: Read timed out,Thread Group 52-1,text,false,,2690,0,1,141,0,0,2
1492747321753,1504,HTTP Request,Non HTTP response code: java.net.SocketTimeoutException,Non HTTP response message: Read timed out,Thread Group 130-1,text,false,,2690,0,1,141,0,0,2
1492747321758,1502,HTTP Request,Non HTTP response code: java.net.SocketTimeoutException,Non HTTP response message: Read timed out,Thread Group 35-1,text,false,,2690,0,1,141,0,0,1
1492747321756,1504,HTTP Request,Non HTTP response code: java.net.SocketTimeoutException,Non HTTP response message: Read timed out,Thread Group 27-1,text,false,,2690,0,1,141,0,0,3
1492747321758,1502,HTTP Request,Non HTTP response code: java.net.SocketTimeoutException,Non HTTP response message: Read timed out,Thread Group 88-1,text,false,,2690,0,1,141,0,0,1
1492747321758,1502,HTTP Request,Non HTTP response code: java.net.SocketTimeoutException,Non HTTP response message: Read timed out,Thread Group 11-1,text,false,,2690,0,1,141,0,0,1
1492747321757,1504,HTTP Request,Non HTTP response code: java.net.SocketTimeoutException,Non HTTP response message: Read timed out,Thread Group 138-1,text,false,,2690,0,1,141,0,0,2
1492747321758,1503,HTTP Request,Non HTTP response code: java.net.SocketTimeoutException,Non HTTP response message: Read timed out,Thread Group 75-1,text,false,,2690,0,1,141,0,0,1
1492747321757,1504,HTTP Request,Non HTTP response code: java.net.SocketTimeoutException,Non HTTP response message: Read timed out,Thread Group 105-1,text,false,,2690,0,1,141,0,0,2
1492747321757,1504,HTTP Request,Non HTTP response code: java.net.SocketTimeoutException,Non HTTP response message: Read timed out,Thread Group 96-1,text,false,,2690,0,1,141,0,0,2
1492747321756,1506,HTTP Request,Non HTTP response code: java.net.SocketTimeoutException,Non HTTP response message: Read timed out,Thread Group 55-1,text,false,,2690,0,1,141,0,0,3
1492747321768,1507,HTTP Request,Non HTTP response code: java.net.SocketTimeoutException,Non HTTP response message: Read timed out,Thread Group 58-1,text,false,,2690,0,1,141,0,0,5
1492747321769,1506,HTTP Request,Non HTTP response code: java.net.SocketTimeoutException,Non HTTP response message: Read timed out,Thread Group 127-1,text,false,,2690,0,1,141,0,0,4
1492747321772,1504,HTTP Request,Non HTTP response code: java.net.SocketTimeoutException,Non HTTP response message: Read timed out,Thread Group 139-1,text,false,,2690,0,1,141,0,0,1
1492747321770,1506,HTTP Request,Non HTTP response code: java.net.SocketTimeoutException,Non HTTP response message: Read timed out,Thread Group 70-1,text,false,,2690,0,1,141,0,0,3
1492747321768,1508,HTTP Request,Non HTTP response code: java.net.SocketTimeoutException,Non HTTP response message: Read timed out,Thread Group 36-1,text,false,,2690,0,1,141,0,0,5
1492747321769,1507,HTTP Request,Non HTTP response code: java.net.SocketTimeoutException,Non HTTP response message: Read timed out,Thread Group 81-1,text,false,,2690,0,1,141,0,0,4
1492747321771,1506,HTTP Request,Non HTTP response code: java.net.SocketTimeoutException,Non HTTP response message: Read timed out,Thread Group 124-1,text,false,,2690,0,1,141,0,0,2
1492747321771,1506,HTTP Request,Non HTTP response code: java.net.SocketTimeoutException,Non HTTP response message: Read timed out,Thread Group 76-1,text,false,,2690,0,1,141,0,0,3
1492747321772,1505,HTTP Request,Non HTTP response code: java.net.SocketTimeoutException,Non HTTP response message: Read timed out,Thread Group 5-1,text,false,,2690,0,1,141,0,0,2
1492747321768,1509,HTTP Request,Non HTTP response code: java.net.SocketTimeoutException,Non HTTP response message: Read timed out,Thread Group 120-1,text,false,,2690,0,1,141,0,0,6
1492747321773,1505,HTTP Request,Non HTTP response code: java.net.SocketTimeoutException,Non HTTP response message: Read timed out,Thread Group 34-1,text,false,,2690,0,1,141,0,0,1
1492747321770,1508,HTTP Request,Non HTTP response code: java.net.SocketTimeoutException,Non HTTP response message: Read timed out,Thread Group 67-1,text,false,,2690,0,1,141,0,0,4
1492747321771,1507,HTTP Request,Non HTTP response code: java.net.SocketTimeoutException,Non HTTP response message: Read timed out,Thread Group 53-1,text,false,,2690,0,1,141,0,0,3
1492747321769,1509,HTTP Request,Non HTTP response code: java.net.SocketTimeoutException,Non HTTP response message: Read timed out,Thread Group 134-1,text,false,,2690,0,1,141,0,0,5
1492747321772,1507,HTTP Request,Non HTTP response code: java.net.SocketTimeoutException,Non HTTP response message: Read timed out,Thread Group 21-1,text,false,,2690,0,1,141,0,0,2
1492747321770,1509,HTTP Request,Non HTTP response code: java.net.SocketTimeoutException,Non HTTP response message: Read timed out,Thread Group 131-1,text,false,,2690,0,1,141,0,0,4
1492747321773,1506,HTTP Request,Non HTTP response code: java.net.SocketTimeoutException,Non HTTP response message: Read timed out,Thread Group 66-1,text,false,,2690,0,1,141,0,0,1
1492747321767,1513,HTTP Request,Non HTTP response code: java.net.SocketTimeoutException,Non HTTP response message: Read timed out,Thread Group 60-1,text,false,,2690,0,1,141,0,0,7
1492747321771,1504,HTTP Request,Non HTTP response code: java.net.SocketTimeoutException,Non HTTP response message: Read timed out,Thread Group 90-1,text,false,,2690,0,1,141,0,0,2
1492747321767,1512,HTTP Request,Non HTTP response code: java.net.SocketTimeoutException,Non HTTP response message: Read timed out,Thread Group 51-1,text,false,,2690,0,1,141,0,0,7
1492747321798,1581,HTTP Request,Non HTTP response code: java.net.SocketTimeoutException,Non HTTP response message: Read timed out,Thread Group 126-1,text,false,,2690,0,1,141,0,0,79
1492747321799,1581,HTTP Request,Non HTTP response code: java.net.SocketTimeoutException,Non HTTP response message: Read timed out,Thread Group 113-1,text,false,,2690,0,1,141,0,0,79
1492747321799,1581,HTTP Request,Non HTTP response code: java.net.SocketTimeoutException,Non HTTP response message: Read timed out,Thread Group 93-1,text,false,,2690,0,1,141,0,0,79
1492747321883,1501,HTTP Request,Non HTTP response code: java.net.SocketTimeoutException,Non HTTP response message: Read timed out,Thread Group 135-1,text,false,,2690,0,1,141,0,0,0
1492747321877,1507,HTTP Request,Non HTTP response code: java.net.SocketTimeoutException,Non HTTP response message: Read timed out,Thread Group 29-1,text,false,,2690,0,1,141,0,0,6
1492747321881,1504,HTTP Request,Non HTTP response code: java.net.SocketTimeoutException,Non HTTP response message: Read timed out,Thread Group 136-1,text,false,,2690,0,1,141,0,0,2
1492747321880,1505,HTTP Request,Non HTTP response code: java.net.SocketTimeoutException,Non HTTP response message: Read timed out,Thread Group 117-1,text,false,,2690,0,1,141,0,0,3
1492747321877,1508,HTTP Request,Non HTTP response code: java.net.SocketTimeoutException,Non HTTP response message: Read timed out,Thread Group 121-1,text,false,,2690,0,1,141,0,0,6
1492747321877,1509,HTTP Request,Non HTTP response code: java.net.SocketTimeoutException,Non HTTP response message: Read timed out,Thread Group 32-1,text,false,,2690,0,1,141,0,0,6
1492747321881,1505,HTTP Request,Non HTTP response code: java.net.SocketTimeoutException,Non HTTP response message: Read timed out,Thread Group 109-1,text,false,,2690,0,1,141,0,0,2
1492747321881,1505,HTTP Request,Non HTTP response code: java.net.SocketTimeoutException,Non HTTP response message: Read timed out,Thread Group 102-1,text,false,,2690,0,1,141,0,0,2
1492747321880,1507,HTTP Request,Non HTTP response code: java.net.SocketTimeoutException,Non HTTP response message: Read timed out,Thread Group 25-1,text,false,,2690,0,1,141,0,0,3
1492747321880,1507,HTTP Request,Non HTTP response code: java.net.SocketTimeoutException,Non HTTP response message: Read timed out,Thread Group 28-1,text,false,,2690,0,1,141,0,0,3
1492747321876,1512,HTTP Request,Non HTTP response code: java.net.SocketTimeoutException,Non HTTP response message: Read timed out,Thread Group 13-1,text,false,,2690,0,1,141,0,0,7
1492747321882,1506,HTTP Request,Non HTTP response code: java.net.SocketTimeoutException,Non HTTP response message: Read timed out,Thread Group 14-1,text,false,,2690,0,1,141,0,0,2
1492747321883,1505,HTTP Request,Non HTTP response code: java.net.SocketTimeoutException,Non HTTP response message: Read timed out,Thread Group 132-1,text,false,,2690,0,1,141,0,0,1
1492747321882,1505,HTTP Request,Non HTTP response code: java.net.SocketTimeoutException,Non HTTP response message: Read timed out,Thread Group 31-1,text,false,,2690,0,1,141,0,0,1
1492747321882,1507,HTTP Request,Non HTTP response code: java.net.SocketTimeoutException,Non HTTP response message: Read timed out,Thread Group 8-1,text,false,,2690,0,1,141,0,0,6
1492747321875,1515,HTTP Request,Non HTTP response code: java.net.SocketTimeoutException,Non HTTP response message: Read timed out,Thread Group 43-1,text,false,,2690,0,1,141,0,0,13
1492747321874,1516,HTTP Request,Non HTTP response code: java.net.SocketTimeoutException,Non HTTP response message: Read timed out,Thread Group 26-1,text,false,,2690,0,1,141,0,0,14
1492747321876,1514,HTTP Request,Non HTTP response code: java.net.SocketTimeoutException,Non HTTP response message: Read timed out,Thread Group 22-1,text,false,,2690,0,1,141,0,0,12
1492747321875,1516,HTTP Request,Non HTTP response code: java.net.SocketTimeoutException,Non HTTP response message: Read timed out,Thread Group 4-1,text,false,,2690,0,1,141,0,0,13
1492747321876,1515,HTTP Request,Non HTTP response code: java.net.SocketTimeoutException,Non HTTP response message: Read timed out,Thread Group 79-1,text,false,,2690,0,1,141,0,0,12
1492747321875,1517,HTTP Request,Non HTTP response code: java.net.SocketTimeoutException,Non HTTP response message: Read timed out,Thread Group 78-1,text,false,,2690,0,1,141,0,0,13
1492747321879,1513,HTTP Request,Non HTTP response code: java.net.SocketTimeoutException,Non HTTP response message: Read timed out,Thread Group 140-1,text,false,,2690,0,1,141,0,0,9
1492747321879,1513,HTTP Request,Non HTTP response code: java.net.SocketTimeoutException,Non HTTP response message: Read timed out,Thread Group 71-1,text,false,,2690,0,1,141,0,0,9
1492747321874,1519,HTTP Request,Non HTTP response code: java.net.SocketTimeoutException,Non HTTP response message: Read timed out,Thread Group 19-1,text,false,,2690,0,1,141,0,0,18
1492747321894,1502,HTTP Request,Non HTTP response code: java.net.SocketTimeoutException,Non HTTP response message: Read timed out,Thread Group 73-1,text,false,,2690,0,1,141,0,0,1
1492747321895,1501,HTTP Request,Non HTTP response code: java.net.SocketTimeoutException,Non HTTP response message: Read timed out,Thread Group 122-1,text,false,,2690,0,1,141,0,0,0
1492747321894,1502,HTTP Request,Non HTTP response code: java.net.SocketTimeoutException,Non HTTP response message: Read timed out,Thread Group 40-1,text,false,,2690,0,1,141,0,0,1
1492747321894,1503,HTTP Request,Non HTTP response code: java.net.SocketTimeoutException,Non HTTP response message: Read timed out,Thread Group 129-1,text,false,,2690,0,1,141,0,0,1
1492747321893,1504,HTTP Request,Non HTTP response code: java.net.SocketTimeoutException,Non HTTP response message: Read timed out,Thread Group 16-1,text,false,,2690,0,1,141,0,0,2
1492747321892,1506,HTTP Request,Non HTTP response code: java.net.SocketTimeoutException,Non HTTP response message: Read timed out,Thread Group 86-1,text,false,,2690,0,1,141,0,0,3
1492747321895,1503,HTTP Request,Non HTTP response code: java.net.SocketTimeoutException,Non HTTP response message: Read timed out,Thread Group 106-1,text,false,,2690,0,1,141,0,0,0
1492747321892,1506,HTTP Request,Non HTTP response code: java.net.SocketTimeoutException,Non HTTP response message: Read timed out,Thread Group 49-1,text,false,,2690,0,1,141,0,0,3
1492747321938,1503,HTTP Request,Non HTTP response code: java.net.SocketTimeoutException,Non HTTP response message: Read timed out,Thread Group 101-1,text,false,,2690,0,1,141,0,0,1
1492747322021,1504,HTTP Request,Non HTTP response code: java.net.SocketTimeoutException,Non HTTP response message: Read timed out,Thread Group 74-1,text,false,,2690,0,1,141,0,0,1
1492747322062,1502,HTTP Request,Non HTTP response code: java.net.SocketTimeoutException,Non HTTP response message: Read timed out,Thread Group 103-1,text,false,,2690,0,1,141,0,0,0
1492747322143,1502,HTTP Request,Non HTTP response code: java.net.SocketTimeoutException,Non HTTP response message: Read timed out,Thread Group 69-1,text,false,,2690,0,1,141,0,0,0
1492747322143,1502,HTTP Request,Non HTTP response code: java.net.SocketTimeoutException,Non HTTP response message: Read timed out,Thread Group 2-1,text,false,,2690,0,1,141,0,0,0
1492747322142,1504,HTTP Request,Non HTTP response code: java.net.SocketTimeoutException,Non HTTP response message: Read timed out,Thread Group 57-1,text,false,,2690,0,1,141,0,0,1
1492747322178,1503,HTTP Request,Non HTTP response code: java.net.SocketTimeoutException,Non HTTP response message: Read timed out,Thread Group 62-1,text,false,,2690,0,1,141,0,0,1
1492747322179,1502,HTTP Request,Non HTTP response code: java.net.SocketTimeoutException,Non HTTP response message: Read timed out,Thread Group 65-1,text,false,,2690,0,1,141,0,0,0
1492747322311,1502,HTTP Request,Non HTTP response code: java.net.SocketTimeoutException,Non HTTP response message: Read timed out,Thread Group 46-1,text,false,,2690,0,1,141,0,0,1
1492747322646,1502,HTTP Request,Non HTTP response code: java.net.SocketTimeoutException,Non HTTP response message: Read timed out,Thread Group 56-1,text,false,,2690,0,1,141,0,0,0
1492747322838,1503,HTTP Request,Non HTTP response code: java.net.SocketTimeoutException,Non HTTP response message: Read timed out,Thread Group 104-1,text,false,,2690,0,1,141,0,0,1
1492747323048,1502,HTTP Request,Non HTTP response code: org.apache.http.conn.ConnectTimeoutException,Non HTTP response message: Connect to 10.138.0.2:80 timed out,Thread Group 45-1,text,false,,1658,0,1,141,0,0,1502
1492747323048,1502,HTTP Request,Non HTTP response code: org.apache.http.conn.ConnectTimeoutException,Non HTTP response message: Connect to 10.138.0.2:80 timed out,Thread Group 20-1,text,false,,1658,0,1,141,0,0,1502
1492747323048,1503,HTTP Request,Non HTTP response code: org.apache.http.conn.ConnectTimeoutException,Non HTTP response message: Connect to 10.138.0.2:80 timed out,Thread Group 77-1,text,false,,1658,0,1,141,0,0,1503
1492747323049,1502,HTTP Request,Non HTTP response code: org.apache.http.conn.ConnectTimeoutException,Non HTTP response message: Connect to 10.138.0.2:80 timed out,Thread Group 1-1,text,false,,1658,0,1,141,0,0,1502
1492747323047,1504,HTTP Request,Non HTTP response code: org.apache.http.conn.ConnectTimeoutException,Non HTTP response message: Connect to 10.138.0.2:80 timed out,Thread Group 39-1,text,false,,1658,0,1,141,0,0,1504
1492747323047,1504,HTTP Request,Non HTTP response code: java.net.SocketTimeoutException,Non HTTP response message: Read timed out,Thread Group 24-1,text,false,,2690,0,1,141,0,0,2
1492747323047,1505,HTTP Request,Non HTTP response code: java.net.SocketTimeoutException,Non HTTP response message: Read timed out,Thread Group 17-1,text,false,,2690,0,1,141,0,0,2
1492747323055,1501,HTTP Request,Non HTTP response code: org.apache.http.conn.ConnectTimeoutException,Non HTTP response message: Connect to 10.138.0.2:80 timed out,Thread Group 68-1,text,false,,1658,0,1,141,0,0,1501
1492747323055,1501,HTTP Request,Non HTTP response code: org.apache.http.conn.ConnectTimeoutException,Non HTTP response message: Connect to 10.138.0.2:80 timed out,Thread Group 83-1,text,false,,1658,0,1,141,0,0,1501
1492747323055,1501,HTTP Request,Non HTTP response code: org.apache.http.conn.ConnectTimeoutException,Non HTTP response message: Connect to 10.138.0.2:80 timed out,Thread Group 82-1,text,false,,1658,0,1,141,0,0,1501
1492747323056,1501,HTTP Request,Non HTTP response code: org.apache.http.conn.ConnectTimeoutException,Non HTTP response message: Connect to 10.138.0.2:80 timed out,Thread Group 33-1,text,false,,1658,0,1,141,0,0,1501
1492747323056,1502,HTTP Request,Non HTTP response code: org.apache.http.conn.ConnectTimeoutException,Non HTTP response message: Connect to 10.138.0.2:80 timed out,Thread Group 38-1,text,false,,1658,0,1,141,0,0,1502
1492747323056,1502,HTTP Request,Non HTTP response code: org.apache.http.conn.ConnectTimeoutException,Non HTTP response message: Connect to 10.138.0.2:80 timed out,Thread Group 85-1,text,false,,1658,0,1,141,0,0,1502
1492747323057,1501,HTTP Request,Non HTTP response code: org.apache.http.conn.ConnectTimeoutException,Non HTTP response message: Connect to 10.138.0.2:80 timed out,Thread Group 54-1,text,false,,1658,0,1,141,0,0,1501
1492747323084,1502,HTTP Request,Non HTTP response code: org.apache.http.conn.ConnectTimeoutException,Non HTTP response message: Connect to 10.138.0.2:80 timed out,Thread Group 108-1,text,false,,1658,0,1,141,0,0,1502
1492747323084,1502,HTTP Request,Non HTTP response code: org.apache.http.conn.ConnectTimeoutException,Non HTTP response message: Connect to 10.138.0.2:80 timed out,Thread Group 119-1,text,false,,1658,0,1,141,0,0,1502
1492747323090,1502,HTTP Request,Non HTTP response code: org.apache.http.conn.ConnectTimeoutException,Non HTTP response message: Connect to 10.138.0.2:80 timed out,Thread Group 9-1,text,false,,1658,0,1,141,0,0,1502
1492747323091,1501,HTTP Request,Non HTTP response code: org.apache.http.conn.ConnectTimeoutException,Non HTTP response message: Connect to 10.138.0.2:80 timed out,Thread Group 59-1,text,false,,1658,0,1,141,0,0,1501
1492747323094,1501,HTTP Request,Non HTTP response code: org.apache.http.conn.ConnectTimeoutException,Non HTTP response message: Connect to 10.138.0.2:80 timed out,Thread Group 23-1,text,false,,1658,0,1,141,0,0,1501
1492747323094,1502,HTTP Request,Non HTTP response code: org.apache.http.conn.ConnectTimeoutException,Non HTTP response message: Connect to 10.138.0.2:80 timed out,Thread Group 89-1,text,false,,1658,0,1,141,0,0,1502
1492747323094,1502,HTTP Request,Non HTTP response code: org.apache.http.conn.ConnectTimeoutException,Non HTTP response message: Connect to 10.138.0.2:80 timed out,Thread Group 91-1,text,false,,1658,0,1,141,0,0,1502
1492747323094,1502,HTTP Request,Non HTTP response code: org.apache.http.conn.ConnectTimeoutException,Non HTTP response message: Connect to 10.138.0.2:80 timed out,Thread Group 95-1,text,false,,1658,0,1,141,0,0,1502
1492747323095,1501,HTTP Request,Non HTTP response code: org.apache.http.conn.ConnectTimeoutException,Non HTTP response message: Connect to 10.138.0.2:80 timed out,Thread Group 141-1,text,false,,1658,0,1,141,0,0,1501
1492747323095,1502,HTTP Request,Non HTTP response code: org.apache.http.conn.ConnectTimeoutException,Non HTTP response message: Connect to 10.138.0.2:80 timed out,Thread Group 100-1,text,false,,1658,0,1,141,0,0,1502
1492747323095,1502,HTTP Request,Non HTTP response code: org.apache.http.conn.ConnectTimeoutException,Non HTTP response message: Connect to 10.138.0.2:80 timed out,Thread Group 92-1,text,false,,1658,0,1,141,0,0,1502
1492747323096,1502,HTTP Request,Non HTTP response code: org.apache.http.conn.ConnectTimeoutException,Non HTTP response message: Connect to 10.138.0.2:80 timed out,Thread Group 111-1,text,false,,1658,0,1,141,0,0,1501
1492747323096,1502,HTTP Request,Non HTTP response code: org.apache.http.conn.ConnectTimeoutException,Non HTTP response message: Connect to 10.138.0.2:80 timed out,Thread Group 12-1,text,false,,1658,0,1,141,0,0,1502
1492747323096,1502,HTTP Request,Non HTTP response code: org.apache.http.conn.ConnectTimeoutException,Non HTTP response message: Connect to 10.138.0.2:80 timed out,Thread Group 137-1,text,false,,1658,0,1,141,0,0,1502
1492747323097,1501,HTTP Request,Non HTTP response code: org.apache.http.conn.ConnectTimeoutException,Non HTTP response message: Connect to 10.138.0.2:80 timed out,Thread Group 115-1,text,false,,1658,0,1,141,0,0,1501
1492747323097,1502,HTTP Request,Non HTTP response code: org.apache.http.conn.ConnectTimeoutException,Non HTTP response message: Connect to 10.138.0.2:80 timed out,Thread Group 87-1,text,false,,1658,0,1,141,0,0,1502
1492747323097,1502,HTTP Request,Non HTTP response code: org.apache.http.conn.ConnectTimeoutException,Non HTTP response message: Connect to 10.138.0.2:80 timed out,Thread Group 107-1,text,false,,1658,0,1,141,0,0,1502
1492747323097,1502,HTTP Request,Non HTTP response code: org.apache.http.conn.ConnectTimeoutException,Non HTTP response message: Connect to 10.138.0.2:80 timed out,Thread Group 61-1,text,false,,1658,0,1,141,0,0,1502
1492747323106,1502,HTTP Request,Non HTTP response code: org.apache.http.conn.ConnectTimeoutException,Non HTTP response message: Connect to 10.138.0.2:80 timed out,Thread Group 125-1,text,false,,1658,0,1,141,0,0,1502
1492747323107,1501,HTTP Request,Non HTTP response code: org.apache.http.conn.ConnectTimeoutException,Non HTTP response message: Connect to 10.138.0.2:80 timed out,Thread Group 123-1,text,false,,1658,0,1,141,0,0,1501
1492747323107,1501,HTTP Request,Non HTTP response code: org.apache.http.conn.ConnectTimeoutException,Non HTTP response message: Connect to 10.138.0.2:80 timed out,Thread Group 97-1,text,false,,1658,0,1,141,0,0,1501
1492747323107,1502,HTTP Request,Non HTTP response code: org.apache.http.conn.ConnectTimeoutException,Non HTTP response message: Connect to 10.138.0.2:80 timed out,Thread Group 98-1,text,false,,1658,0,1,141,0,0,1502
1492747323108,1501,HTTP Request,Non HTTP response code: org.apache.http.conn.ConnectTimeoutException,Non HTTP response message: Connect to 10.138.0.2:80 timed out,Thread Group 84-1,text,false,,1658,0,1,141,0,0,1501
1492747323108,1502,HTTP Request,Non HTTP response code: org.apache.http.conn.ConnectTimeoutException,Non HTTP response message: Connect to 10.138.0.2:80 timed out,Thread Group 128-1,text,false,,1658,0,1,141,0,0,1502
1492747323108,1502,HTTP Request,Non HTTP response code: org.apache.http.conn.ConnectTimeoutException,Non HTTP response message: Connect to 10.138.0.2:80 timed out,Thread Group 133-1,text,false,,1658,0,1,141,0,0,1502
1492747323124,1502,HTTP Request,Non HTTP response code: org.apache.http.conn.ConnectTimeoutException,Non HTTP response message: Connect to 10.138.0.2:80 timed out,Thread Group 50-1,text,false,,1658,0,1,141,0,0,1502
1492747323125,1502,HTTP Request,Non HTTP response code: org.apache.http.conn.ConnectTimeoutException,Non HTTP response message: Connect to 10.138.0.2:80 timed out,Thread Group 42-1,text,false,,1658,0,1,141,0,0,1502
1492747323125,1502,HTTP Request,Non HTTP response code: org.apache.http.conn.ConnectTimeoutException,Non HTTP response message: Connect to 10.138.0.2:80 timed out,Thread Group 112-1,text,false,,1658,0,1,141,0,0,1502
1492747323151,1502,HTTP Request,Non HTTP response code: org.apache.http.conn.ConnectTimeoutException,Non HTTP response message: Connect to 10.138.0.2:80 timed out,Thread Group 10-1,text,false,,1658,0,1,141,0,0,1502
1492747323191,1501,HTTP Request,Non HTTP response code: org.apache.http.conn.ConnectTimeoutException,Non HTTP response message: Connect to 10.138.0.2:80 timed out,Thread Group 72-1,text,false,,1658,0,1,141,0,0,1501
1492747323191,1501,HTTP Request,Non HTTP response code: org.apache.http.conn.ConnectTimeoutException,Non HTTP response message: Connect to 10.138.0.2:80 timed out,Thread Group 6-1,text,false,,1658,0,1,141,0,0,1501
1492747323192,1501,HTTP Request,Non HTTP response code: org.apache.http.conn.ConnectTimeoutException,Non HTTP response message: Connect to 10.138.0.2:80 timed out,Thread Group 41-1,text,false,,1658,0,1,141,0,0,1501
1492747323192,1502,HTTP Request,Non HTTP response code: org.apache.http.conn.ConnectTimeoutException,Non HTTP response message: Connect to 10.138.0.2:80 timed out,Thread Group 64-1,text,false,,1658,0,1,141,0,0,1502
1492747323193,1501,HTTP Request,Non HTTP response code: org.apache.http.conn.ConnectTimeoutException,Non HTTP response message: Connect to 10.138.0.2:80 timed out,Thread Group 30-1,text,false,,1658,0,1,141,0,0,1501
1492747323195,1501,HTTP Request,Non HTTP response code: org.apache.http.conn.ConnectTimeoutException,Non HTTP response message: Connect to 10.138.0.2:80 timed out,Thread Group 44-1,text,false,,1658,0,1,141,0,0,1501
1492747323195,1501,HTTP Request,Non HTTP response code: org.apache.http.conn.ConnectTimeoutException,Non HTTP response message: Connect to 10.138.0.2:80 timed out,Thread Group 63-1,text,false,,1658,0,1,141,0,0,1501
1492747323196,1501,HTTP Request,Non HTTP response code: org.apache.http.conn.ConnectTimeoutException,Non HTTP response message: Connect to 10.138.0.2:80 timed out,Thread Group 94-1,text,false,,1658,0,1,141,0,0,1501
1492747323196,1502,HTTP Request,Non HTTP response code: org.apache.http.conn.ConnectTimeoutException,Non HTTP response message: Connect to 10.138.0.2:80 timed out,Thread Group 99-1,text,false,,1658,0,1,141,0,0,1502
1492747323196,1502,HTTP Request,Non HTTP response code: org.apache.http.conn.ConnectTimeoutException,Non HTTP response message: Connect to 10.138.0.2:80 timed out,Thread Group 110-1,text,false,,1658,0,1,141,0,0,1502
1492747323196,1502,HTTP Request,Non HTTP response code: org.apache.http.conn.ConnectTimeoutException,Non HTTP response message: Connect to 10.138.0.2:80 timed out,Thread Group 80-1,text,false,,1658,0,1,141,0,0,1502
1492747323196,1502,HTTP Request,Non HTTP response code: org.apache.http.conn.ConnectTimeoutException,Non HTTP response message: Connect to 10.138.0.2:80 timed out,Thread Group 7-1,text,false,,1658,0,1,141,0,0,1502
1492747323196,1503,HTTP Request,Non HTTP response code: org.apache.http.conn.ConnectTimeoutException,Non HTTP response message: Connect to 10.138.0.2:80 timed out,Thread Group 48-1,text,false,,1658,0,1,141,0,0,1503
1492747323195,1504,HTTP Request,Non HTTP response code: org.apache.http.conn.ConnectTimeoutException,Non HTTP response message: Connect to 10.138.0.2:80 timed out,Thread Group 47-1,text,false,,1658,0,1,141,0,0,1504
1492747323234,1503,HTTP Request,Non HTTP response code: java.net.SocketTimeoutException,Non HTTP response message: Read timed out,Thread Group 118-1,text,false,,2690,0,1,141,0,0,1
1492747323240,1502,HTTP Request,Non HTTP response code: org.apache.http.conn.ConnectTimeoutException,Non HTTP response message: Connect to 10.138.0.2:80 timed out,Thread Group 116-1,text,false,,1658,0,1,141,0,0,1502
1492747323256,1502,HTTP Request,Non HTTP response code: org.apache.http.conn.ConnectTimeoutException,Non HTTP response message: Connect to 10.138.0.2:80 timed out,Thread Group 15-1,text,false,,1658,0,1,141,0,0,1502
1492747323257,1502,HTTP Request,Non HTTP response code: org.apache.http.conn.ConnectTimeoutException,Non HTTP response message: Connect to 10.138.0.2:80 timed out,Thread Group 18-1,text,false,,1658,0,1,141,0,0,1502
1492747323257,1502,HTTP Request,Non HTTP response code: org.apache.http.conn.ConnectTimeoutException,Non HTTP response message: Connect to 10.138.0.2:80 timed out,Thread Group 52-1,text,false,,1658,0,1,141,0,0,1502
1492747323257,1502,HTTP Request,Non HTTP response code: org.apache.http.conn.ConnectTimeoutException,Non HTTP response message: Connect to 10.138.0.2:80 timed out,Thread Group 130-1,text,false,,1658,0,1,141,0,0,1502
1492747323260,1501,HTTP Request,Non HTTP response code: org.apache.http.conn.ConnectTimeoutException,Non HTTP response message: Connect to 10.138.0.2:80 timed out,Thread Group 35-1,text,false,,1658,0,1,141,0,0,1501
1492747323260,1502,HTTP Request,Non HTTP response code: org.apache.http.conn.ConnectTimeoutException,Non HTTP response message: Connect to 10.138.0.2:80 timed out,Thread Group 27-1,text,false,,1658,0,1,141,0,0,1502
1492747323260,1502,HTTP Request,Non HTTP response code: org.apache.http.conn.ConnectTimeoutException,Non HTTP response message: Connect to 10.138.0.2:80 timed out,Thread Group 88-1,text,false,,1658,0,1,141,0,0,1502
1492747323261,1501,HTTP Request,Non HTTP response code: org.apache.http.conn.ConnectTimeoutException,Non HTTP response message: Connect to 10.138.0.2:80 timed out,Thread Group 11-1,text,false,,1658,0,1,141,0,0,1501
1492747323261,1501,HTTP Request,Non HTTP response code: org.apache.http.conn.ConnectTimeoutException,Non HTTP response message: Connect to 10.138.0.2:80 timed out,Thread Group 138-1,text,false,,1658,0,1,141,0,0,1501
1492747323261,1502,HTTP Request,Non HTTP response code: org.apache.http.conn.ConnectTimeoutException,Non HTTP response message: Connect to 10.138.0.2:80 timed out,Thread Group 75-1,text,false,,1658,0,1,141,0,0,1502
1492747323261,1502,HTTP Request,Non HTTP response code: org.apache.http.conn.ConnectTimeoutException,Non HTTP response message: Connect to 10.138.0.2:80 timed out,Thread Group 105-1,text,false,,1658,0,1,141,0,0,1502
1492747323262,1501,HTTP Request,Non HTTP response code: org.apache.http.conn.ConnectTimeoutException,Non HTTP response message: Connect to 10.138.0.2:80 timed out,Thread Group 96-1,text,false,,1658,0,1,141,0,0,1501
1492747323262,1502,HTTP Request,Non HTTP response code: org.apache.http.conn.ConnectTimeoutException,Non HTTP response message: Connect to 10.138.0.2:80 timed out,Thread Group 55-1,text,false,,1658,0,1,141,0,0,1502
1492747323276,1500,HTTP Request,Non HTTP response code: org.apache.http.conn.ConnectTimeoutException,Non HTTP response message: Connect to 10.138.0.2:80 timed out,Thread Group 139-1,text,false,,1658,0,1,141,0,0,1500
1492747323275,1502,HTTP Request,Non HTTP response code: org.apache.http.conn.ConnectTimeoutException,Non HTTP response message: Connect to 10.138.0.2:80 timed out,Thread Group 58-1,text,false,,1658,0,1,141,0,0,1502
1492747323275,1502,HTTP Request,Non HTTP response code: org.apache.http.conn.ConnectTimeoutException,Non HTTP response message: Connect to 10.138.0.2:80 timed out,Thread Group 127-1,text,false,,1658,0,1,141,0,0,1502
1492747323276,1502,HTTP Request,Non HTTP response code: org.apache.http.conn.ConnectTimeoutException,Non HTTP response message: Connect to 10.138.0.2:80 timed out,Thread Group 70-1,text,false,,1658,0,1,141,0,0,1502
1492747323276,1502,HTTP Request,Non HTTP response code: org.apache.http.conn.ConnectTimeoutException,Non HTTP response message: Connect to 10.138.0.2:80 timed out,Thread Group 36-1,text,false,,1658,0,1,141,0,0,1502
1492747323277,1501,HTTP Request,Non HTTP response code: org.apache.http.conn.ConnectTimeoutException,Non HTTP response message: Connect to 10.138.0.2:80 timed out,Thread Group 81-1,text,false,,1658,0,1,141,0,0,1501
1492747323277,1502,HTTP Request,Non HTTP response code: org.apache.http.conn.ConnectTimeoutException,Non HTTP response message: Connect to 10.138.0.2:80 timed out,Thread Group 124-1,text,false,,1658,0,1,141,0,0,1502
1492747323277,1502,HTTP Request,Non HTTP response code: org.apache.http.conn.ConnectTimeoutException,Non HTTP response message: Connect to 10.138.0.2:80 timed out,Thread Group 76-1,text,false,,1658,0,1,141,0,0,1502
1492747323277,1502,HTTP Request,Non HTTP response code: org.apache.http.conn.ConnectTimeoutException,Non HTTP response message: Connect to 10.138.0.2:80 timed out,Thread Group 5-1,text,false,,1658,0,1,141,0,0,1502
1492747323278,1501,HTTP Request,Non HTTP response code: org.apache.http.conn.ConnectTimeoutException,Non HTTP response message: Connect to 10.138.0.2:80 timed out,Thread Group 120-1,text,false,,1658,0,1,141,0,0,1501
1492747323278,1502,HTTP Request,Non HTTP response code: org.apache.http.conn.ConnectTimeoutException,Non HTTP response message: Connect to 10.138.0.2:80 timed out,Thread Group 34-1,text,false,,1658,0,1,141,0,0,1502
1492747323278,1502,HTTP Request,Non HTTP response code: org.apache.http.conn.ConnectTimeoutException,Non HTTP response message: Connect to 10.138.0.2:80 timed out,Thread Group 67-1,text,false,,1658,0,1,141,0,0,1502
1492747323278,1502,HTTP Request,Non HTTP response code: org.apache.http.conn.ConnectTimeoutException,Non HTTP response message: Connect to 10.138.0.2:80 timed out,Thread Group 53-1,text,false,,1658,0,1,141,0,0,1502
1492747323279,1501,HTTP Request,Non HTTP response code: org.apache.http.conn.ConnectTimeoutException,Non HTTP response message: Connect to 10.138.0.2:80 timed out,Thread Group 134-1,text,false,,1658,0,1,141,0,0,1501
1492747323279,1502,HTTP Request,Non HTTP response code: org.apache.http.conn.ConnectTimeoutException,Non HTTP response message: Connect to 10.138.0.2:80 timed out,Thread Group 21-1,text,false,,1658,0,1,141,0,0,1502
1492747323279,1502,HTTP Request,Non HTTP response code: org.apache.http.conn.ConnectTimeoutException,Non HTTP response message: Connect to 10.138.0.2:80 timed out,Thread Group 131-1,text,false,,1658,0,1,141,0,0,1502
1492747323279,1502,HTTP Request,Non HTTP response code: org.apache.http.conn.ConnectTimeoutException,Non HTTP response message: Connect to 10.138.0.2:80 timed out,Thread Group 66-1,text,false,,1658,0,1,141,0,0,1502
1492747323280,1501,HTTP Request,Non HTTP response code: org.apache.http.conn.ConnectTimeoutException,Non HTTP response message: Connect to 10.138.0.2:80 timed out,Thread Group 60-1,text,false,,1658,0,1,141,0,0,1501
1492747323280,1502,HTTP Request,Non HTTP response code: org.apache.http.conn.ConnectTimeoutException,Non HTTP response message: Connect to 10.138.0.2:80 timed out,Thread Group 90-1,text,false,,1658,0,1,141,0,0,1502
1492747323280,1502,HTTP Request,Non HTTP response code: org.apache.http.conn.ConnectTimeoutException,Non HTTP response message: Connect to 10.138.0.2:80 timed out,Thread Group 51-1,text,false,,1658,0,1,141,0,0,1502
1492747323380,1502,HTTP Request,Non HTTP response code: org.apache.http.conn.ConnectTimeoutException,Non HTTP response message: Connect to 10.138.0.2:80 timed out,Thread Group 113-1,text,false,,1658,0,1,141,0,0,1502
1492747323380,1502,HTTP Request,Non HTTP response code: org.apache.http.conn.ConnectTimeoutException,Non HTTP response message: Connect to 10.138.0.2:80 timed out,Thread Group 93-1,text,false,,1658,0,1,141,0,0,1502
1492747323380,1502,HTTP Request,Non HTTP response code: org.apache.http.conn.ConnectTimeoutException,Non HTTP response message: Connect to 10.138.0.2:80 timed out,Thread Group 126-1,text,false,,1658,0,1,141,0,0,1502
1492747323384,1502,HTTP Request,Non HTTP response code: org.apache.http.conn.ConnectTimeoutException,Non HTTP response message: Connect to 10.138.0.2:80 timed out,Thread Group 135-1,text,false,,1658,0,1,141,0,0,1502
1492747323384,1502,HTTP Request,Non HTTP response code: org.apache.http.conn.ConnectTimeoutException,Non HTTP response message: Connect to 10.138.0.2:80 timed out,Thread Group 29-1,text,false,,1658,0,1,141,0,0,1502
1492747323385,1501,HTTP Request,Non HTTP response code: org.apache.http.conn.ConnectTimeoutException,Non HTTP response message: Connect to 10.138.0.2:80 timed out,Thread Group 136-1,text,false,,1658,0,1,141,0,0,1501
1492747323385,1502,HTTP Request,Non HTTP response code: org.apache.http.conn.ConnectTimeoutException,Non HTTP response message: Connect to 10.138.0.2:80 timed out,Thread Group 117-1,text,false,,1658,0,1,141,0,0,1502
1492747323385,1502,HTTP Request,Non HTTP response code: org.apache.http.conn.ConnectTimeoutException,Non HTTP response message: Connect to 10.138.0.2:80 timed out,Thread Group 121-1,text,false,,1658,0,1,141,0,0,1502
1492747323386,1502,HTTP Request,Non HTTP response code: org.apache.http.conn.ConnectTimeoutException,Non HTTP response message: Connect to 10.138.0.2:80 timed out,Thread Group 109-1,text,false,,1658,0,1,141,0,0,1502
1492747323387,1501,HTTP Request,Non HTTP response code: org.apache.http.conn.ConnectTimeoutException,Non HTTP response message: Connect to 10.138.0.2:80 timed out,Thread Group 102-1,text,false,,1658,0,1,141,0,0,1501
1492747323387,1501,HTTP Request,Non HTTP response code: org.apache.http.conn.ConnectTimeoutException,Non HTTP response message: Connect to 10.138.0.2:80 timed out,Thread Group 25-1,text,false,,1658,0,1,141,0,0,1501
1492747323387,1501,HTTP Request,Non HTTP response code: org.apache.http.conn.ConnectTimeoutException,Non HTTP response message: Connect to 10.138.0.2:80 timed out,Thread Group 28-1,text,false,,1658,0,1,141,0,0,1501
1492747323386,1502,HTTP Request,Non HTTP response code: org.apache.http.conn.ConnectTimeoutException,Non HTTP response message: Connect to 10.138.0.2:80 timed out,Thread Group 32-1,text,false,,1658,0,1,141,0,0,1501
1492747323388,1501,HTTP Request,Non HTTP response code: org.apache.http.conn.ConnectTimeoutException,Non HTTP response message: Connect to 10.138.0.2:80 timed out,Thread Group 13-1,text,false,,1658,0,1,141,0,0,1501
1492747323388,1502,HTTP Request,Non HTTP response code: org.apache.http.conn.ConnectTimeoutException,Non HTTP response message: Connect to 10.138.0.2:80 timed out,Thread Group 14-1,text,false,,1658,0,1,141,0,0,1502
1492747323388,1502,HTTP Request,Non HTTP response code: org.apache.http.conn.ConnectTimeoutException,Non HTTP response message: Connect to 10.138.0.2:80 timed out,Thread Group 132-1,text,false,,1658,0,1,141,0,0,1502
1492747323389,1501,HTTP Request,Non HTTP response code: org.apache.http.conn.ConnectTimeoutException,Non HTTP response message: Connect to 10.138.0.2:80 timed out,Thread Group 31-1,text,false,,1658,0,1,141,0,0,1501
1492747323390,1501,HTTP Request,Non HTTP response code: org.apache.http.conn.ConnectTimeoutException,Non HTTP response message: Connect to 10.138.0.2:80 timed out,Thread Group 8-1,text,false,,1658,0,1,141,0,0,1501
1492747323390,1502,HTTP Request,Non HTTP response code: org.apache.http.conn.ConnectTimeoutException,Non HTTP response message: Connect to 10.138.0.2:80 timed out,Thread Group 26-1,text,false,,1658,0,1,141,0,0,1502
1492747323391,1501,HTTP Request,Non HTTP response code: org.apache.http.conn.ConnectTimeoutException,Non HTTP response message: Connect to 10.138.0.2:80 timed out,Thread Group 22-1,text,false,,1658,0,1,141,0,0,1501
1492747323391,1501,HTTP Request,Non HTTP response code: org.apache.http.conn.ConnectTimeoutException,Non HTTP response message: Connect to 10.138.0.2:80 timed out,Thread Group 4-1,text,false,,1658,0,1,141,0,0,1501
1492747323391,1501,HTTP Request,Non HTTP response code: org.apache.http.conn.ConnectTimeoutException,Non HTTP response message: Connect to 10.138.0.2:80 timed out,Thread Group 79-1,text,false,,1658,0,1,141,0,0,1501
1492747323390,1501,HTTP Request,Non HTTP response code: org.apache.http.conn.ConnectTimeoutException,Non HTTP response message: Connect to 10.138.0.2:80 timed out,Thread Group 43-1,text,false,,1658,0,1,141,0,0,1501
1492747323392,1501,HTTP Request,Non HTTP response code: org.apache.http.conn.ConnectTimeoutException,Non HTTP response message: Connect to 10.138.0.2:80 timed out,Thread Group 78-1,text,false,,1658,0,1,141,0,0,1501
1492747323392,1502,HTTP Request,Non HTTP response code: org.apache.http.conn.ConnectTimeoutException,Non HTTP response message: Connect to 10.138.0.2:80 timed out,Thread Group 140-1,text,false,,1658,0,1,141,0,0,1502
1492747323392,1502,HTTP Request,Non HTTP response code: org.apache.http.conn.ConnectTimeoutException,Non HTTP response message: Connect to 10.138.0.2:80 timed out,Thread Group 71-1,text,false,,1658,0,1,141,0,0,1502
1492747323393,1502,HTTP Request,Non HTTP response code: org.apache.http.conn.ConnectTimeoutException,Non HTTP response message: Connect to 10.138.0.2:80 timed out,Thread Group 19-1,text,false,,1658,0,1,141,0,0,1502
1492747323396,1502,HTTP Request,Non HTTP response code: org.apache.http.conn.ConnectTimeoutException,Non HTTP response message: Connect to 10.138.0.2:80 timed out,Thread Group 73-1,text,false,,1658,0,1,141,0,0,1502
1492747323396,1502,HTTP Request,Non HTTP response code: org.apache.http.conn.ConnectTimeoutException,Non HTTP response message: Connect to 10.138.0.2:80 timed out,Thread Group 122-1,text,false,,1658,0,1,141,0,0,1502
1492747323397,1501,HTTP Request,Non HTTP response code: org.apache.http.conn.ConnectTimeoutException,Non HTTP response message: Connect to 10.138.0.2:80 timed out,Thread Group 40-1,text,false,,1658,0,1,141,0,0,1501
1492747323397,1501,HTTP Request,Non HTTP response code: org.apache.http.conn.ConnectTimeoutException,Non HTTP response message: Connect to 10.138.0.2:80 timed out,Thread Group 129-1,text,false,,1658,0,1,141,0,0,1501
1492747323397,1501,HTTP Request,Non HTTP response code: org.apache.http.conn.ConnectTimeoutException,Non HTTP response message: Connect to 10.138.0.2:80 timed out,Thread Group 16-1,text,false,,1658,0,1,141,0,0,1501
1492747323398,1501,HTTP Request,Non HTTP response code: org.apache.http.conn.ConnectTimeoutException,Non HTTP response message: Connect to 10.138.0.2:80 timed out,Thread Group 86-1,text,false,,1658,0,1,141,0,0,1501
1492747323398,1502,HTTP Request,Non HTTP response code: org.apache.http.conn.ConnectTimeoutException,Non HTTP response message: Connect to 10.138.0.2:80 timed out,Thread Group 106-1,text,false,,1658,0,1,141,0,0,1502
1492747323398,1502,HTTP Request,Non HTTP response code: org.apache.http.conn.ConnectTimeoutException,Non HTTP response message: Connect to 10.138.0.2:80 timed out,Thread Group 49-1,text,false,,1658,0,1,141,0,0,1502
1492747323441,1501,HTTP Request,Non HTTP response code: org.apache.http.conn.ConnectTimeoutException,Non HTTP response message: Connect to 10.138.0.2:80 timed out,Thread Group 101-1,text,false,,1658,0,1,141,0,0,1501
1492747323564,1502,HTTP Request,Non HTTP response code: org.apache.http.conn.ConnectTimeoutException,Non HTTP response message: Connect to 10.138.0.2:80 timed out,Thread Group 103-1,text,false,,1658,0,1,141,0,0,1502
1492747323645,1502,HTTP Request,Non HTTP response code: org.apache.http.conn.ConnectTimeoutException,Non HTTP response message: Connect to 10.138.0.2:80 timed out,Thread Group 69-1,text,false,,1658,0,1,141,0,0,1502
1492747323646,1502,HTTP Request,Non HTTP response code: org.apache.http.conn.ConnectTimeoutException,Non HTTP response message: Connect to 10.138.0.2:80 timed out,Thread Group 2-1,text,false,,1658,0,1,141,0,0,1502
1492747323646,1502,HTTP Request,Non HTTP response code: org.apache.http.conn.ConnectTimeoutException,Non HTTP response message: Connect to 10.138.0.2:80 timed out,Thread Group 57-1,text,false,,1658,0,1,141,0,0,1502
1492747323688,1502,HTTP Request,Non HTTP response code: org.apache.http.conn.ConnectTimeoutException,Non HTTP response message: Connect to 10.138.0.2:80 timed out,Thread Group 62-1,text,false,,1658,0,1,141,0,0,1502
1492747323688,1502,HTTP Request,Non HTTP response code: org.apache.http.conn.ConnectTimeoutException,Non HTTP response message: Connect to 10.138.0.2:80 timed out,Thread Group 65-1,text,false,,1658,0,1,141,0,0,1502
1492747323814,1502,HTTP Request,Non HTTP response code: org.apache.http.conn.ConnectTimeoutException,Non HTTP response message: Connect to 10.138.0.2:80 timed out,Thread Group 46-1,text,false,,1658,0,1,141,0,0,1502
1492747323049,2501,HTTP Request,Non HTTP response code: java.net.SocketTimeoutException,Non HTTP response message: Read timed out,Thread Group 3-1,text,false,,2690,0,1,141,0,0,999
1492747323083,2499,HTTP Request,Non HTTP response code: java.net.SocketTimeoutException,Non HTTP response message: Read timed out,Thread Group 114-1,text,false,,2690,0,1,141,0,0,997
1492747323152,2502,HTTP Request,Non HTTP response code: java.net.SocketTimeoutException,Non HTTP response message: Read timed out,Thread Group 37-1,text,false,,2690,0,1,141,0,0,1000
1492747324342,1502,HTTP Request,Non HTTP response code: org.apache.http.conn.ConnectTimeoutException,Non HTTP response message: Connect to 10.138.0.2:80 timed out,Thread Group 104-1,text,false,,1658,0,1,141,0,0,1501
1492747323525,2501,HTTP Request,Non HTTP response code: java.net.SocketTimeoutException,Non HTTP response message: Read timed out,Thread Group 74-1,text,false,,2690,0,1,141,0,0,999
1492747324742,1502,HTTP Request,Non HTTP response code: org.apache.http.conn.ConnectTimeoutException,Non HTTP response message: Connect to 10.138.0.2:80 timed out,Thread Group 116-1,text,false,,1658,0,1,141,0,0,1502
1492747324759,1501,HTTP Request,Non HTTP response code: org.apache.http.conn.ConnectTimeoutException,Non HTTP response message: Connect to 10.138.0.2:80 timed out,Thread Group 15-1,text,false,,1658,0,1,141,0,0,1501
1492747324759,1502,HTTP Request,Non HTTP response code: org.apache.http.conn.ConnectTimeoutException,Non HTTP response message: Connect to 10.138.0.2:80 timed out,Thread Group 18-1,text,false,,1658,0,1,141,0,0,1502
1492747324759,1502,HTTP Request,Non HTTP response code: org.apache.http.conn.ConnectTimeoutException,Non HTTP response message: Connect to 10.138.0.2:80 timed out,Thread Group 52-1,text,false,,1658,0,1,141,0,0,1502
1492747324760,1501,HTTP Request,Non HTTP response code: org.apache.http.conn.ConnectTimeoutException,Non HTTP response message: Connect to 10.138.0.2:80 timed out,Thread Group 130-1,text,false,,1658,0,1,141,0,0,1501
1492747324762,1501,HTTP Request,Non HTTP response code: org.apache.http.conn.ConnectTimeoutException,Non HTTP response message: Connect to 10.138.0.2:80 timed out,Thread Group 35-1,text,false,,1658,0,1,141,0,0,1501
1492747324762,1502,HTTP Request,Non HTTP response code: org.apache.http.conn.ConnectTimeoutException,Non HTTP response message: Connect to 10.138.0.2:80 timed out,Thread Group 88-1,text,false,,1658,0,1,141,0,0,1502
1492747324762,1502,HTTP Request,Non HTTP response code: org.apache.http.conn.ConnectTimeoutException,Non HTTP response message: Connect to 10.138.0.2:80 timed out,Thread Group 11-1,text,false,,1658,0,1,141,0,0,1502
1492747324763,1501,HTTP Request,Non HTTP response code: org.apache.http.conn.ConnectTimeoutException,Non HTTP response message: Connect to 10.138.0.2:80 timed out,Thread Group 138-1,text,false,,1658,0,1,141,0,0,1501
1492747324763,1501,HTTP Request,Non HTTP response code: org.apache.http.conn.ConnectTimeoutException,Non HTTP response message: Connect to 10.138.0.2:80 timed out,Thread Group 75-1,text,false,,1658,0,1,141,0,0,1501
1492747324763,1502,HTTP Request,Non HTTP response code: org.apache.http.conn.ConnectTimeoutException,Non HTTP response message: Connect to 10.138.0.2:80 timed out,Thread Group 105-1,text,false,,1658,0,1,141,0,0,1502
1492747324762,1501,HTTP Request,Non HTTP response code: org.apache.http.conn.ConnectTimeoutException,Non HTTP response message: Connect to 10.138.0.2:80 timed out,Thread Group 27-1,text,false,,1658,0,1,141,0,0,1501
1492747324764,1501,HTTP Request,Non HTTP response code: org.apache.http.conn.ConnectTimeoutException,Non HTTP response message: Connect to 10.138.0.2:80 timed out,Thread Group 55-1,text,false,,1658,0,1,141,0,0,1501
1492747324764,1502,HTTP Request,Non HTTP response code: org.apache.http.conn.ConnectTimeoutException,Non HTTP response message: Connect to 10.138.0.2:80 timed out,Thread Group 96-1,text,false,,1658,0,1,141,0,0,1502
1492747324777,1502,HTTP Request,Non HTTP response code: org.apache.http.conn.ConnectTimeoutException,Non HTTP response message: Connect to 10.138.0.2:80 timed out,Thread Group 127-1,text,false,,1658,0,1,141,0,0,1502
1492747324777,1503,HTTP Request,Non HTTP response code: java.net.SocketTimeoutException,Non HTTP response message: Read timed out,Thread Group 58-1,text,false,,2690,0,1,141,0,0,1
1492747324778,1502,HTTP Request,Non HTTP response code: org.apache.http.conn.ConnectTimeoutException,Non HTTP response message: Connect to 10.138.0.2:80 timed out,Thread Group 36-1,text,false,,1658,0,1,141,0,0,1502
1492747324778,1502,HTTP Request,Non HTTP response code: org.apache.http.conn.ConnectTimeoutException,Non HTTP response message: Connect to 10.138.0.2:80 timed out,Thread Group 81-1,text,false,,1658,0,1,141,0,0,1502
1492747324779,1502,HTTP Request,Non HTTP response code: org.apache.http.conn.ConnectTimeoutException,Non HTTP response message: Connect to 10.138.0.2:80 timed out,Thread Group 124-1,text,false,,1658,0,1,141,0,0,1502
1492747324779,1502,HTTP Request,Non HTTP response code: org.apache.http.conn.ConnectTimeoutException,Non HTTP response message: Connect to 10.138.0.2:80 timed out,Thread Group 76-1,text,false,,1658,0,1,141,0,0,1502
1492747324779,1502,HTTP Request,Non HTTP response code: org.apache.http.conn.ConnectTimeoutException,Non HTTP response message: Connect to 10.138.0.2:80 timed out,Thread Group 5-1,text,false,,1658,0,1,141,0,0,1502
1492747324780,1501,HTTP Request,Non HTTP response code: org.apache.http.conn.ConnectTimeoutException,Non HTTP response message: Connect to 10.138.0.2:80 timed out,Thread Group 34-1,text,false,,1658,0,1,141,0,0,1501
1492747324781,1501,HTTP Request,Non HTTP response code: org.apache.http.conn.ConnectTimeoutException,Non HTTP response message: Connect to 10.138.0.2:80 timed out,Thread Group 21-1,text,false,,1658,0,1,141,0,0,1501
1492747324780,1502,HTTP Request,Non HTTP response code: org.apache.http.conn.ConnectTimeoutException,Non HTTP response message: Connect to 10.138.0.2:80 timed out,Thread Group 67-1,text,false,,1658,0,1,141,0,0,1502
1492747324780,1502,HTTP Request,Non HTTP response code: org.apache.http.conn.ConnectTimeoutException,Non HTTP response message: Connect to 10.138.0.2:80 timed out,Thread Group 53-1,text,false,,1658,0,1,141,0,0,1502
1492747324780,1502,HTTP Request,Non HTTP response code: org.apache.http.conn.ConnectTimeoutException,Non HTTP response message: Connect to 10.138.0.2:80 timed out,Thread Group 134-1,text,false,,1658,0,1,141,0,0,1502
1492747324781,1502,HTTP Request,Non HTTP response code: org.apache.http.conn.ConnectTimeoutException,Non HTTP response message: Connect to 10.138.0.2:80 timed out,Thread Group 131-1,text,false,,1658,0,1,141,0,0,1502
1492747324781,1502,HTTP Request,Non HTTP response code: org.apache.http.conn.ConnectTimeoutException,Non HTTP response message: Connect to 10.138.0.2:80 timed out,Thread Group 66-1,text,false,,1658,0,1,141,0,0,1502
1492747324781,1502,HTTP Request,Non HTTP response code: org.apache.http.conn.ConnectTimeoutException,Non HTTP response message: Connect to 10.138.0.2:80 timed out,Thread Group 120-1,text,false,,1658,0,1,141,0,0,1502
1492747324782,1501,HTTP Request,Non HTTP response code: org.apache.http.conn.ConnectTimeoutException,Non HTTP response message: Connect to 10.138.0.2:80 timed out,Thread Group 60-1,text,false,,1658,0,1,141,0,0,1501
1492747324782,1502,HTTP Request,Non HTTP response code: org.apache.http.conn.ConnectTimeoutException,Non HTTP response message: Connect to 10.138.0.2:80 timed out,Thread Group 90-1,text,false,,1658,0,1,141,0,0,1502
1492747324782,1502,HTTP Request,Non HTTP response code: org.apache.http.conn.ConnectTimeoutException,Non HTTP response message: Connect to 10.138.0.2:80 timed out,Thread Group 51-1,text,false,,1658,0,1,141,0,0,1502
1492747324777,1507,HTTP Request,Non HTTP response code: java.net.SocketTimeoutException,Non HTTP response message: Read timed out,Thread Group 139-1,text,false,,2690,0,1,141,0,0,5
1492747324778,1506,HTTP Request,Non HTTP response code: org.apache.http.conn.ConnectTimeoutException,Non HTTP response message: Connect to 10.138.0.2:80 timed out,Thread Group 70-1,text,false,,1658,0,1,141,0,0,1506
1492747324148,2502,HTTP Request,Non HTTP response code: java.net.SocketTimeoutException,Non HTTP response message: Read timed out,Thread Group 56-1,text,false,,2690,0,1,141,0,0,1000
1492747324550,2500,HTTP Request,Non HTTP response code: java.net.SocketTimeoutException,Non HTTP response message: Read timed out,Thread Group 20-1,text,false,,2690,0,1,141,0,0,998
1492747324551,2499,HTTP Request,Non HTTP response code: java.net.SocketTimeoutException,Non HTTP response message: Read timed out,Thread Group 39-1,text,false,,2690,0,1,141,0,0,997
1492747324551,2500,HTTP Request,Non HTTP response code: java.net.SocketTimeoutException,Non HTTP response message: Read timed out,Thread Group 1-1,text,false,,2690,0,1,141,0,0,997
1492747324550,2501,HTTP Request,Non HTTP response code: java.net.SocketTimeoutException,Non HTTP response message: Read timed out,Thread Group 45-1,text,false,,2690,0,1,141,0,0,998
1492747324551,2500,HTTP Request,Non HTTP response code: java.net.SocketTimeoutException,Non HTTP response message: Read timed out,Thread Group 77-1,text,false,,2690,0,1,141,0,0,997
1492747325550,1502,HTTP Request,Non HTTP response code: java.net.SocketTimeoutException,Non HTTP response message: Read timed out,Thread Group 3-1,text,false,,2690,0,1,141,0,0,0
1492747324551,2502,HTTP Request,Non HTTP response code: java.net.SocketTimeoutException,Non HTTP response message: Read timed out,Thread Group 24-1,text,false,,2690,0,1,141,0,0,1001
1492747324552,2502,HTTP Request,Non HTTP response code: java.net.SocketTimeoutException,Non HTTP response message: Read timed out,Thread Group 17-1,text,false,,2690,0,1,141,0,0,1000
1492747324558,2499,HTTP Request,Non HTTP response code: java.net.SocketTimeoutException,Non HTTP response message: Read timed out,Thread Group 54-1,text,false,,2690,0,1,141,0,0,998
1492747324558,2500,HTTP Request,Non HTTP response code: java.net.SocketTimeoutException,Non HTTP response message: Read timed out,Thread Group 85-1,text,false,,2690,0,1,141,0,0,998
1492747324556,2502,HTTP Request,Non HTTP response code: java.net.SocketTimeoutException,Non HTTP response message: Read timed out,Thread Group 68-1,text,false,,2690,0,1,141,0,0,1000
1492747324556,2502,HTTP Request,Non HTTP response code: java.net.SocketTimeoutException,Non HTTP response message: Read timed out,Thread Group 82-1,text,false,,2690,0,1,141,0,0,1000
1492747324558,2501,HTTP Request,Non HTTP response code: java.net.SocketTimeoutException,Non HTTP response message: Read timed out,Thread Group 33-1,text,false,,2690,0,1,141,0,0,998
1492747324556,2503,HTTP Request,Non HTTP response code: java.net.SocketTimeoutException,Non HTTP response message: Read timed out,Thread Group 83-1,text,false,,2690,0,1,141,0,0,1000
1492747324558,2501,HTTP Request,Non HTTP response code: java.net.SocketTimeoutException,Non HTTP response message: Read timed out,Thread Group 38-1,text,false,,2690,0,1,141,0,0,998
1492747325582,1502,HTTP Request,Non HTTP response code: java.net.SocketTimeoutException,Non HTTP response message: Read timed out,Thread Group 114-1,text,false,,2690,0,1,141,0,0,0
1492747324586,2499,HTTP Request,Non HTTP response code: java.net.SocketTimeoutException,Non HTTP response message: Read timed out,Thread Group 119-1,text,false,,2690,0,1,141,0,0,998
1492747324586,2499,HTTP Request,Non HTTP response code: java.net.SocketTimeoutException,Non HTTP response message: Read timed out,Thread Group 108-1,text,false,,2690,0,1,141,0,0,998
1492747324592,2502,HTTP Request,Non HTTP response code: java.net.SocketTimeoutException,Non HTTP response message: Read timed out,Thread Group 9-1,text,false,,2690,0,1,141,0,0,1000
1492747324595,2499,HTTP Request,Non HTTP response code: java.net.SocketTimeoutException,Non HTTP response message: Read timed out,Thread Group 23-1,text,false,,2690,0,1,141,0,0,997
1492747324592,2502,HTTP Request,Non HTTP response code: java.net.SocketTimeoutException,Non HTTP response message: Read timed out,Thread Group 59-1,text,false,,2690,0,1,141,0,0,1000
1492747324599,2499,HTTP Request,Non HTTP response code: java.net.SocketTimeoutException,Non HTTP response message: Read timed out,Thread Group 61-1,text,false,,2690,0,1,141,0,0,997
1492747324598,2500,HTTP Request,Non HTTP response code: java.net.SocketTimeoutException,Non HTTP response message: Read timed out,Thread Group 12-1,text,false,,2690,0,1,141,0,0,998
1492747324598,2500,HTTP Request,Non HTTP response code: java.net.SocketTimeoutException,Non HTTP response message: Read timed out,Thread Group 137-1,text,false,,2690,0,1,141,0,0,998
1492747324597,2502,HTTP Request,Non HTTP response code: java.net.SocketTimeoutException,Non HTTP response message: Read timed out,Thread Group 100-1,text,false,,2690,0,1,141,0,0,999
1492747324599,2500,HTTP Request,Non HTTP response code: java.net.SocketTimeoutException,Non HTTP response message: Read timed out,Thread Group 87-1,text,false,,2690,0,1,141,0,0,997
1492747324598,2501,HTTP Request,Non HTTP response code: java.net.SocketTimeoutException,Non HTTP response message: Read timed out,Thread Group 115-1,text,false,,2690,0,1,141,0,0,998
1492747324596,2503,HTTP Request,Non HTTP response code: java.net.SocketTimeoutException,Non HTTP response message: Read timed out,Thread Group 89-1,text,false,,2690,0,1,141,0,0,1000
1492747324599,2501,HTTP Request,Non HTTP response code: java.net.SocketTimeoutException,Non HTTP response message: Read timed out,Thread Group 107-1,text,false,,2690,0,1,141,0,0,997
1492747324596,2504,HTTP Request,Non HTTP response code: java.net.SocketTimeoutException,Non HTTP response message: Read timed out,Thread Group 95-1,text,false,,2690,0,1,141,0,0,1000
1492747324598,2502,HTTP Request,Non HTTP response code: java.net.SocketTimeoutException,Non HTTP response message: Read timed out,Thread Group 111-1,text,false,,2690,0,1,141,0,0,998
1492747324596,2504,HTTP Request,Non HTTP response code: java.net.SocketTimeoutException,Non HTTP response message: Read timed out,Thread Group 91-1,text,false,,2690,0,1,141,0,0,1000
1492747324596,2505,HTTP Request,Non HTTP response code: java.net.SocketTimeoutException,Non HTTP response message: Read timed out,Thread Group 141-1,text,false,,2690,0,1,141,0,0,1001
1492747324597,2504,HTTP Request,Non HTTP response code: java.net.SocketTimeoutException,Non HTTP response message: Read timed out,Thread Group 92-1,text,false,,2690,0,1,141,0,0,1000
1492747324610,2500,HTTP Request,Non HTTP response code: java.net.SocketTimeoutException,Non HTTP response message: Read timed out,Thread Group 128-1,text,false,,2690,0,1,141,0,0,998
1492747324610,2500,HTTP Request,Non HTTP response code: java.net.SocketTimeoutException,Non HTTP response message: Read timed out,Thread Group 133-1,text,false,,2690,0,1,141,0,0,998
1492747324609,2501,HTTP Request,Non HTTP response code: java.net.SocketTimeoutException,Non HTTP response message: Read timed out,Thread Group 98-1,text,false,,2690,0,1,141,0,0,999
1492747324610,2501,HTTP Request,Non HTTP response code: java.net.SocketTimeoutException,Non HTTP response message: Read timed out,Thread Group 84-1,text,false,,2690,0,1,141,0,0,998
1492747324608,2503,HTTP Request,Non HTTP response code: java.net.SocketTimeoutException,Non HTTP response message: Read timed out,Thread Group 97-1,text,false,,2690,0,1,141,0,0,1000
1492747324608,2503,HTTP Request,Non HTTP response code: java.net.SocketTimeoutException,Non HTTP response message: Read timed out,Thread Group 125-1,text,false,,2690,0,1,141,0,0,1000
1492747324608,2503,HTTP Request,Non HTTP response code: java.net.SocketTimeoutException,Non HTTP response message: Read timed out,Thread Group 123-1,text,false,,2690,0,1,141,0,0,1000
1492747324627,2499,HTTP Request,Non HTTP response code: java.net.SocketTimeoutException,Non HTTP response message: Read timed out,Thread Group 112-1,text,false,,2690,0,1,141,0,0,997
1492747324627,2499,HTTP Request,Non HTTP response code: java.net.SocketTimeoutException,Non HTTP response message: Read timed out,Thread Group 50-1,text,false,,2690,0,1,141,0,0,997
1492747324627,2499,HTTP Request,Non HTTP response code: java.net.SocketTimeoutException,Non HTTP response message: Read timed out,Thread Group 42-1,text,false,,2690,0,1,141,0,0,997
1492747324653,2501,HTTP Request,Non HTTP response code: java.net.SocketTimeoutException,Non HTTP response message: Read timed out,Thread Group 10-1,text,false,,2690,0,1,141,0,0,999
1492747325654,1502,HTTP Request,Non HTTP response code: java.net.SocketTimeoutException,Non HTTP response message: Read timed out,Thread Group 37-1,text,false,,2690,0,1,141,0,0,0
1492747324694,2500,HTTP Request,Non HTTP response code: java.net.SocketTimeoutException,Non HTTP response message: Read timed out,Thread Group 30-1,text,false,,2690,0,1,141,0,0,998
1492747324693,2501,HTTP Request,Non HTTP response code: java.net.SocketTimeoutException,Non HTTP response message: Read timed out,Thread Group 6-1,text,false,,2690,0,1,141,0,0,999
1492747324692,2503,HTTP Request,Non HTTP response code: java.net.SocketTimeoutException,Non HTTP response message: Read timed out,Thread Group 72-1,text,false,,2690,0,1,141,0,0,1000
1492747324694,2501,HTTP Request,Non HTTP response code: java.net.SocketTimeoutException,Non HTTP response message: Read timed out,Thread Group 64-1,text,false,,2690,0,1,141,0,0,998
1492747324694,2501,HTTP Request,Non HTTP response code: java.net.SocketTimeoutException,Non HTTP response message: Read timed out,Thread Group 41-1,text,false,,2690,0,1,141,0,0,998
1492747324699,2499,HTTP Request,Non HTTP response code: java.net.SocketTimeoutException,Non HTTP response message: Read timed out,Thread Group 48-1,text,false,,2690,0,1,141,0,0,997
1492747324698,2500,HTTP Request,Non HTTP response code: java.net.SocketTimeoutException,Non HTTP response message: Read timed out,Thread Group 7-1,text,false,,2690,0,1,141,0,0,998
1492747324696,2502,HTTP Request,Non HTTP response code: java.net.SocketTimeoutException,Non HTTP response message: Read timed out,Thread Group 63-1,text,false,,2690,0,1,141,0,0,1000
1492747324696,2502,HTTP Request,Non HTTP response code: java.net.SocketTimeoutException,Non HTTP response message: Read timed out,Thread Group 44-1,text,false,,2690,0,1,141,0,0,1000
1492747324698,2501,HTTP Request,Non HTTP response code: java.net.SocketTimeoutException,Non HTTP response message: Read timed out,Thread Group 99-1,text,false,,2690,0,1,141,0,0,998
1492747324699,2500,HTTP Request,Non HTTP response code: java.net.SocketTimeoutException,Non HTTP response message: Read timed out,Thread Group 47-1,text,false,,2690,0,1,141,0,0,997
1492747324698,2501,HTTP Request,Non HTTP response code: java.net.SocketTimeoutException,Non HTTP response message: Read timed out,Thread Group 80-1,text,false,,2690,0,1,141,0,0,998
1492747324698,2502,HTTP Request,Non HTTP response code: java.net.SocketTimeoutException,Non HTTP response message: Read timed out,Thread Group 110-1,text,false,,2690,0,1,141,0,0,998
1492747324697,2502,HTTP Request,Non HTTP response code: java.net.SocketTimeoutException,Non HTTP response message: Read timed out,Thread Group 94-1,text,false,,2690,0,1,141,0,0,999
1492747324737,2501,HTTP Request,Non HTTP response code: java.net.SocketTimeoutException,Non HTTP response message: Read timed out,Thread Group 118-1,text,false,,2690,0,1,141,0,0,999
1492747325844,1501,HTTP Request,Non HTTP response code: java.net.SocketTimeoutException,Non HTTP response message: Read timed out,Thread Group 104-1,text,false,,2690,0,1,141,0,0,0
1492747324882,2500,HTTP Request,Non HTTP response code: java.net.SocketTimeoutException,Non HTTP response message: Read timed out,Thread Group 93-1,text,false,,2690,0,1,141,0,0,998
1492747324882,2500,HTTP Request,Non HTTP response code: java.net.SocketTimeoutException,Non HTTP response message: Read timed out,Thread Group 113-1,text,false,,2690,0,1,141,0,0,998
1492747324883,2500,HTTP Request,Non HTTP response code: java.net.SocketTimeoutException,Non HTTP response message: Read timed out,Thread Group 126-1,text,false,,2690,0,1,141,0,0,997
1492747324886,2499,HTTP Request,Non HTTP response code: java.net.SocketTimeoutException,Non HTTP response message: Read timed out,Thread Group 29-1,text,false,,2690,0,1,141,0,0,998
1492747324887,2499,HTTP Request,Non HTTP response code: java.net.SocketTimeoutException,Non HTTP response message: Read timed out,Thread Group 117-1,text,false,,2690,0,1,141,0,0,997
1492747324886,2500,HTTP Request,Non HTTP response code: java.net.SocketTimeoutException,Non HTTP response message: Read timed out,Thread Group 135-1,text,false,,2690,0,1,141,0,0,998
1492747324887,2500,HTTP Request,Non HTTP response code: java.net.SocketTimeoutException,Non HTTP response message: Read timed out,Thread Group 136-1,text,false,,2690,0,1,141,0,0,997
1492747324887,2500,HTTP Request,Non HTTP response code: java.net.SocketTimeoutException,Non HTTP response message: Read timed out,Thread Group 121-1,text,false,,2690,0,1,141,0,0,997
1492747324891,2499,HTTP Request,Non HTTP response code: java.net.SocketTimeoutException,Non HTTP response message: Read timed out,Thread Group 8-1,text,false,,2690,0,1,141,0,0,997
1492747324888,2502,HTTP Request,Non HTTP response code: java.net.SocketTimeoutException,Non HTTP response message: Read timed out,Thread Group 102-1,text,false,,2690,0,1,141,0,0,1000
1492747324890,2500,HTTP Request,Non HTTP response code: java.net.SocketTimeoutException,Non HTTP response message: Read timed out,Thread Group 132-1,text,false,,2690,0,1,141,0,0,998
1492747324888,2502,HTTP Request,Non HTTP response code: java.net.SocketTimeoutException,Non HTTP response message: Read timed out,Thread Group 25-1,text,false,,2690,0,1,141,0,0,1000
1492747324890,2501,HTTP Request,Non HTTP response code: java.net.SocketTimeoutException,Non HTTP response message: Read timed out,Thread Group 14-1,text,false,,2690,0,1,141,0,0,998
1492747324888,2503,HTTP Request,Non HTTP response code: java.net.SocketTimeoutException,Non HTTP response message: Read timed out,Thread Group 109-1,text,false,,2690,0,1,141,0,0,1000
1492747324890,2502,HTTP Request,Non HTTP response code: java.net.SocketTimeoutException,Non HTTP response message: Read timed out,Thread Group 31-1,text,false,,2690,0,1,141,0,0,998
1492747324888,2504,HTTP Request,Non HTTP response code: java.net.SocketTimeoutException,Non HTTP response message: Read timed out,Thread Group 28-1,text,false,,2690,0,1,141,0,0,1000
1492747324894,2499,HTTP Request,Non HTTP response code: java.net.SocketTimeoutException,Non HTTP response message: Read timed out,Thread Group 71-1,text,false,,2690,0,1,141,0,0,998
1492747324894,2500,HTTP Request,Non HTTP response code: java.net.SocketTimeoutException,Non HTTP response message: Read timed out,Thread Group 78-1,text,false,,2690,0,1,141,0,0,998
1492747324892,2502,HTTP Request,Non HTTP response code: java.net.SocketTimeoutException,Non HTTP response message: Read timed out,Thread Group 4-1,text,false,,2690,0,1,141,0,0,1000
1492747324892,2502,HTTP Request,Non HTTP response code: java.net.SocketTimeoutException,Non HTTP response message: Read timed out,Thread Group 22-1,text,false,,2690,0,1,141,0,0,1000
1492747324895,2500,HTTP Request,Non HTTP response code: java.net.SocketTimeoutException,Non HTTP response message: Read timed out,Thread Group 19-1,text,false,,2690,0,1,141,0,0,997
1492747324892,2503,HTTP Request,Non HTTP response code: java.net.SocketTimeoutException,Non HTTP response message: Read timed out,Thread Group 43-1,text,false,,2690,0,1,141,0,0,1000
1492747324892,2503,HTTP Request,Non HTTP response code: java.net.SocketTimeoutException,Non HTTP response message: Read timed out,Thread Group 79-1,text,false,,2690,0,1,141,0,0,1000
1492747324894,2502,HTTP Request,Non HTTP response code: java.net.SocketTimeoutException,Non HTTP response message: Read timed out,Thread Group 140-1,text,false,,2690,0,1,141,0,0,998
1492747324892,2504,HTTP Request,Non HTTP response code: java.net.SocketTimeoutException,Non HTTP response message: Read timed out,Thread Group 26-1,text,false,,2690,0,1,141,0,0,1000
1492747324889,2502,HTTP Request,Non HTTP response code: java.net.SocketTimeoutException,Non HTTP response message: Read timed out,Thread Group 32-1,text,false,,2690,0,1,141,0,0,999
1492747324890,2501,HTTP Request,Non HTTP response code: java.net.SocketTimeoutException,Non HTTP response message: Read timed out,Thread Group 13-1,text,false,,2690,0,1,141,0,0,998
1492747324898,2500,HTTP Request,Non HTTP response code: java.net.SocketTimeoutException,Non HTTP response message: Read timed out,Thread Group 40-1,text,false,,2690,0,1,141,0,0,998
1492747324898,2500,HTTP Request,Non HTTP response code: java.net.SocketTimeoutException,Non HTTP response message: Read timed out,Thread Group 129-1,text,false,,2690,0,1,141,0,0,998
1492747324898,2500,HTTP Request,Non HTTP response code: java.net.SocketTimeoutException,Non HTTP response message: Read timed out,Thread Group 73-1,text,false,,2690,0,1,141,0,0,998
1492747324898,2500,HTTP Request,Non HTTP response code: java.net.SocketTimeoutException,Non HTTP response message: Read timed out,Thread Group 122-1,text,false,,2690,0,1,141,0,0,998
1492747324899,2500,HTTP Request,Non HTTP response code: java.net.SocketTimeoutException,Non HTTP response message: Read timed out,Thread Group 16-1,text,false,,2690,0,1,141,0,0,997
1492747324900,2501,HTTP Request,Non HTTP response code: java.net.SocketTimeoutException,Non HTTP response message: Read timed out,Thread Group 49-1,text,false,,2690,0,1,141,0,0,1000
1492747324900,2502,HTTP Request,Non HTTP response code: java.net.SocketTimeoutException,Non HTTP response message: Read timed out,Thread Group 86-1,text,false,,2690,0,1,141,0,0,1000
1492747324900,2502,HTTP Request,Non HTTP response code: java.net.SocketTimeoutException,Non HTTP response message: Read timed out,Thread Group 106-1,text,false,,2690,0,1,141,0,0,1000
1492747324942,2500,HTTP Request,Non HTTP response code: java.net.SocketTimeoutException,Non HTTP response message: Read timed out,Thread Group 101-1,text,false,,2690,0,1,141,0,0,998
1492747326026,1502,HTTP Request,Non HTTP response code: java.net.SocketTimeoutException,Non HTTP response message: Read timed out,Thread Group 74-1,text,false,,2690,0,1,141,0,0,1
1492747325066,2500,HTTP Request,Non HTTP response code: java.net.SocketTimeoutException,Non HTTP response message: Read timed out,Thread Group 103-1,text,false,,2690,0,1,141,0,0,998
1492747325147,2503,HTTP Request,Non HTTP response code: java.net.SocketTimeoutException,Non HTTP response message: Read timed out,Thread Group 69-1,text,false,,2690,0,1,141,0,0,1001
1492747325148,2502,HTTP Request,Non HTTP response code: java.net.SocketTimeoutException,Non HTTP response message: Read timed out,Thread Group 2-1,text,false,,2690,0,1,141,0,0,1000
1492747325148,2503,HTTP Request,Non HTTP response code: java.net.SocketTimeoutException,Non HTTP response message: Read timed out,Thread Group 57-1,text,false,,2690,0,1,141,0,0,1000
1492747325191,2499,HTTP Request,Non HTTP response code: java.net.SocketTimeoutException,Non HTTP response message: Read timed out,Thread Group 65-1,text,false,,2690,0,1,141,0,0,997
1492747325190,2500,HTTP Request,Non HTTP response code: java.net.SocketTimeoutException,Non HTTP response message: Read timed out,Thread Group 62-1,text,false,,2690,0,1,141,0,0,998
1492747326244,1502,HTTP Request,Non HTTP response code: java.net.SocketTimeoutException,Non HTTP response message: Read timed out,Thread Group 116-1,text,false,,2690,0,1,141,0,0,0
1492747326262,1502,HTTP Request,Non HTTP response code: java.net.SocketTimeoutException,Non HTTP response message: Read timed out,Thread Group 130-1,text,false,,2690,0,1,141,0,0,0
1492747326261,1503,HTTP Request,Non HTTP response code: java.net.SocketTimeoutException,Non HTTP response message: Read timed out,Thread Group 18-1,text,false,,2690,0,1,141,0,0,1
1492747326261,1504,HTTP Request,Non HTTP response code: java.net.SocketTimeoutException,Non HTTP response message: Read timed out,Thread Group 15-1,text,false,,2690,0,1,141,0,0,1
1492747326261,1504,HTTP Request,Non HTTP response code: java.net.SocketTimeoutException,Non HTTP response message: Read timed out,Thread Group 52-1,text,false,,2690,0,1,141,0,0,1
1492747326264,1503,HTTP Request,Non HTTP response code: java.net.SocketTimeoutException,Non HTTP response message: Read timed out,Thread Group 88-1,text,false,,2690,0,1,141,0,0,1
1492747326264,1503,HTTP Request,Non HTTP response code: java.net.SocketTimeoutException,Non HTTP response message: Read timed out,Thread Group 75-1,text,false,,2690,0,1,141,0,0,1
1492747326265,1502,HTTP Request,Non HTTP response code: java.net.SocketTimeoutException,Non HTTP response message: Read timed out,Thread Group 105-1,text,false,,2690,0,1,141,0,0,0
1492747326263,1505,HTTP Request,Non HTTP response code: java.net.SocketTimeoutException,Non HTTP response message: Read timed out,Thread Group 35-1,text,false,,2690,0,1,141,0,0,2
1492747326264,1504,HTTP Request,Non HTTP response code: java.net.SocketTimeoutException,Non HTTP response message: Read timed out,Thread Group 11-1,text,false,,2690,0,1,141,0,0,1
1492747326264,1504,HTTP Request,Non HTTP response code: java.net.SocketTimeoutException,Non HTTP response message: Read timed out,Thread Group 138-1,text,false,,2690,0,1,141,0,0,1
1492747326265,1503,HTTP Request,Non HTTP response code: java.net.SocketTimeoutException,Non HTTP response message: Read timed out,Thread Group 27-1,text,false,,2690,0,1,141,0,0,0
1492747326266,1503,HTTP Request,Non HTTP response code: java.net.SocketTimeoutException,Non HTTP response message: Read timed out,Thread Group 55-1,text,false,,2690,0,1,141,0,0,0
1492747326266,1503,HTTP Request,Non HTTP response code: java.net.SocketTimeoutException,Non HTTP response message: Read timed out,Thread Group 96-1,text,false,,2690,0,1,141,0,0,0
1492747326283,1503,HTTP Request,Non HTTP response code: java.net.SocketTimeoutException,Non HTTP response message: Read timed out,Thread Group 66-1,text,false,,2690,0,1,141,0,0,2
1492747326282,1505,HTTP Request,Non HTTP response code: java.net.SocketTimeoutException,Non HTTP response message: Read timed out,Thread Group 67-1,text,false,,2690,0,1,141,0,0,3
1492747326284,1503,HTTP Request,Non HTTP response code: java.net.SocketTimeoutException,Non HTTP response message: Read timed out,Thread Group 90-1,text,false,,2690,0,1,141,0,0,1
1492747326282,1506,HTTP Request,Non HTTP response code: java.net.SocketTimeoutException,Non HTTP response message: Read timed out,Thread Group 53-1,text,false,,2690,0,1,141,0,0,3
1492747326281,1507,HTTP Request,Non HTTP response code: java.net.SocketTimeoutException,Non HTTP response message: Read timed out,Thread Group 76-1,text,false,,2690,0,1,141,0,0,4
1492747326283,1505,HTTP Request,Non HTTP response code: java.net.SocketTimeoutException,Non HTTP response message: Read timed out,Thread Group 120-1,text,false,,2690,0,1,141,0,0,2
1492747326284,1504,HTTP Request,Non HTTP response code: java.net.SocketTimeoutException,Non HTTP response message: Read timed out,Thread Group 51-1,text,false,,2690,0,1,141,0,0,1
1492747326282,1507,HTTP Request,Non HTTP response code: java.net.SocketTimeoutException,Non HTTP response message: Read timed out,Thread Group 21-1,text,false,,2690,0,1,141,0,0,3
1492747326283,1506,HTTP Request,Non HTTP response code: java.net.SocketTimeoutException,Non HTTP response message: Read timed out,Thread Group 131-1,text,false,,2690,0,1,141,0,0,2
1492747326281,1508,HTTP Request,Non HTTP response code: java.net.SocketTimeoutException,Non HTTP response message: Read timed out,Thread Group 5-1,text,false,,2690,0,1,141,0,0,4
1492747326285,1504,HTTP Request,Non HTTP response code: java.net.SocketTimeoutException,Non HTTP response message: Read timed out,Thread Group 60-1,text,false,,2690,0,1,141,0,0,0
1492747326281,1509,HTTP Request,Non HTTP response code: java.net.SocketTimeoutException,Non HTTP response message: Read timed out,Thread Group 124-1,text,false,,2690,0,1,141,0,0,4
1492747326283,1507,HTTP Request,Non HTTP response code: java.net.SocketTimeoutException,Non HTTP response message: Read timed out,Thread Group 134-1,text,false,,2690,0,1,141,0,0,3
1492747326284,1506,HTTP Request,Non HTTP response code: java.net.SocketTimeoutException,Non HTTP response message: Read timed out,Thread Group 70-1,text,false,,2690,0,1,141,0,0,2
1492747326284,1507,HTTP Request,Non HTTP response code: java.net.SocketTimeoutException,Non HTTP response message: Read timed out,Thread Group 139-1,text,false,,2690,0,1,141,0,0,2
1492747326281,1510,HTTP Request,Non HTTP response code: java.net.SocketTimeoutException,Non HTTP response message: Read timed out,Thread Group 81-1,text,false,,2690,0,1,141,0,0,5
1492747326280,1511,HTTP Request,Non HTTP response code: java.net.SocketTimeoutException,Non HTTP response message: Read timed out,Thread Group 36-1,text,false,,2690,0,1,141,0,0,6
1492747326280,1511,HTTP Request,Non HTTP response code: java.net.SocketTimeoutException,Non HTTP response message: Read timed out,Thread Group 58-1,text,false,,2690,0,1,141,0,0,6
1492747326279,1513,HTTP Request,Non HTTP response code: java.net.SocketTimeoutException,Non HTTP response message: Read timed out,Thread Group 127-1,text,false,,2690,0,1,141,0,0,7
1492747326282,1505,HTTP Request,Non HTTP response code: java.net.SocketTimeoutException,Non HTTP response message: Read timed out,Thread Group 34-1,text,false,,2690,0,1,141,0,0,3
1492747325316,2509,HTTP Request,Non HTTP response code: java.net.SocketTimeoutException,Non HTTP response message: Read timed out,Thread Group 46-1,text,false,,2690,0,1,141,0,0,1007
1492747326650,1502,HTTP Request,Non HTTP response code: java.net.SocketTimeoutException,Non HTTP response message: Read timed out,Thread Group 56-1,text,false,,2690,0,1,141,0,0,1
1492747327051,1503,HTTP Request,Non HTTP response code: java.net.SocketTimeoutException,Non HTTP response message: Read timed out,Thread Group 77-1,text,false,,2690,0,1,141,0,0,1
1492747327052,1502,HTTP Request,Non HTTP response code: java.net.SocketTimeoutException,Non HTTP response message: Read timed out,Thread Group 3-1,text,false,,2690,0,1,141,0,0,0
1492747327051,1504,HTTP Request,Non HTTP response code: java.net.SocketTimeoutException,Non HTTP response message: Read timed out,Thread Group 1-1,text,false,,2690,0,1,141,0,0,1
1492747327050,1505,HTTP Request,Non HTTP response code: java.net.SocketTimeoutException,Non HTTP response message: Read timed out,Thread Group 39-1,text,false,,2690,0,1,141,0,0,2
1492747327051,1504,HTTP Request,Non HTTP response code: java.net.SocketTimeoutException,Non HTTP response message: Read timed out,Thread Group 45-1,text,false,,2690,0,1,141,0,0,0
1492747327054,1502,HTTP Request,Non HTTP response code: java.net.SocketTimeoutException,Non HTTP response message: Read timed out,Thread Group 24-1,text,false,,2690,0,1,141,0,0,0
1492747327059,1505,HTTP Request,Non HTTP response code: java.net.SocketTimeoutException,Non HTTP response message: Read timed out,Thread Group 33-1,text,false,,2690,0,1,141,0,0,0
1492747327058,1506,HTTP Request,Non HTTP response code: java.net.SocketTimeoutException,Non HTTP response message: Read timed out,Thread Group 54-1,text,false,,2690,0,1,141,0,0,2
1492747327059,1506,HTTP Request,Non HTTP response code: java.net.SocketTimeoutException,Non HTTP response message: Read timed out,Thread Group 82-1,text,false,,2690,0,1,141,0,0,1
1492747327059,1506,HTTP Request,Non HTTP response code: java.net.SocketTimeoutException,Non HTTP response message: Read timed out,Thread Group 83-1,text,false,,2690,0,1,141,0,0,1
1492747327058,1507,HTTP Request,Non HTTP response code: java.net.SocketTimeoutException,Non HTTP response message: Read timed out,Thread Group 68-1,text,false,,2690,0,1,141,0,0,2
1492747327058,1508,HTTP Request,Non HTTP response code: java.net.SocketTimeoutException,Non HTTP response message: Read timed out,Thread Group 85-1,text,false,,2690,0,1,141,0,0,2
1492747327059,1507,HTTP Request,Non HTTP response code: java.net.SocketTimeoutException,Non HTTP response message: Read timed out,Thread Group 38-1,text,false,,2690,0,1,141,0,0,1
1492747327054,1502,HTTP Request,Non HTTP response code: java.net.SocketTimeoutException,Non HTTP response message: Read timed out,Thread Group 17-1,text,false,,2690,0,1,141,0,0,0
1492747327050,1505,HTTP Request,Non HTTP response code: java.net.SocketTimeoutException,Non HTTP response message: Read timed out,Thread Group 20-1,text,false,,2690,0,1,141,0,0,2
1492747327085,1502,HTTP Request,Non HTTP response code: java.net.SocketTimeoutException,Non HTTP response message: Read timed out,Thread Group 119-1,text,false,,2690,0,1,141,0,0,0
1492747327085,1503,HTTP Request,Non HTTP response code: java.net.SocketTimeoutException,Non HTTP response message: Read timed out,Thread Group 108-1,text,false,,2690,0,1,141,0,0,0
1492747327085,1503,HTTP Request,Non HTTP response code: java.net.SocketTimeoutException,Non HTTP response message: Read timed out,Thread Group 114-1,text,false,,2690,0,1,141,0,0,0
1492747327094,1502,HTTP Request,Non HTTP response code: java.net.SocketTimeoutException,Non HTTP response message: Read timed out,Thread Group 23-1,text,false,,2690,0,1,141,0,0,0
1492747327094,1502,HTTP Request,Non HTTP response code: java.net.SocketTimeoutException,Non HTTP response message: Read timed out,Thread Group 59-1,text,false,,2690,0,1,141,0,0,1
1492747327094,1502,HTTP Request,Non HTTP response code: java.net.SocketTimeoutException,Non HTTP response message: Read timed out,Thread Group 9-1,text,false,,2690,0,1,141,0,0,1
1492747327101,1502,HTTP Request,Non HTTP response code: java.net.SocketTimeoutException,Non HTTP response message: Read timed out,Thread Group 141-1,text,false,,2690,0,1,141,0,0,0
1492747327100,1503,HTTP Request,Non HTTP response code: java.net.SocketTimeoutException,Non HTTP response message: Read timed out,Thread Group 95-1,text,false,,2690,0,1,141,0,0,1
1492747327100,1504,HTTP Request,Non HTTP response code: java.net.SocketTimeoutException,Non HTTP response message: Read timed out,Thread Group 111-1,text,false,,2690,0,1,141,0,0,1
1492747327100,1504,HTTP Request,Non HTTP response code: java.net.SocketTimeoutException,Non HTTP response message: Read timed out,Thread Group 107-1,text,false,,2690,0,1,141,0,0,1
1492747327099,1505,HTTP Request,Non HTTP response code: java.net.SocketTimeoutException,Non HTTP response message: Read timed out,Thread Group 87-1,text,false,,2690,0,1,141,0,0,2
1492747327099,1506,HTTP Request,Non HTTP response code: java.net.SocketTimeoutException,Non HTTP response message: Read timed out,Thread Group 100-1,text,false,,2690,0,1,141,0,0,2
1492747327101,1504,HTTP Request,Non HTTP response code: java.net.SocketTimeoutException,Non HTTP response message: Read timed out,Thread Group 92-1,text,false,,2690,0,1,141,0,0,1
1492747327101,1504,HTTP Request,Non HTTP response code: java.net.SocketTimeoutException,Non HTTP response message: Read timed out,Thread Group 91-1,text,false,,2690,0,1,141,0,0,1
1492747327099,1506,HTTP Request,Non HTTP response code: java.net.SocketTimeoutException,Non HTTP response message: Read timed out,Thread Group 89-1,text,false,,2690,0,1,141,0,0,3
1492747327098,1508,HTTP Request,Non HTTP response code: java.net.SocketTimeoutException,Non HTTP response message: Read timed out,Thread Group 12-1,text,false,,2690,0,1,141,0,0,4
1492747327098,1508,HTTP Request,Non HTTP response code: java.net.SocketTimeoutException,Non HTTP response message: Read timed out,Thread Group 137-1,text,false,,2690,0,1,141,0,0,4
1492747327099,1507,HTTP Request,Non HTTP response code: java.net.SocketTimeoutException,Non HTTP response message: Read timed out,Thread Group 115-1,text,false,,2690,0,1,141,0,0,3
1492747327098,1509,HTTP Request,Non HTTP response code: java.net.SocketTimeoutException,Non HTTP response message: Read timed out,Thread Group 61-1,text,false,,2690,0,1,141,0,0,4
1492747327111,1502,HTTP Request,Non HTTP response code: java.net.SocketTimeoutException,Non HTTP response message: Read timed out,Thread Group 84-1,text,false,,2690,0,1,141,0,0,1
1492747327111,1503,HTTP Request,Non HTTP response code: java.net.SocketTimeoutException,Non HTTP response message: Read timed out,Thread Group 123-1,text,false,,2690,0,1,141,0,0,1
1492747327110,1504,HTTP Request,Non HTTP response code: java.net.SocketTimeoutException,Non HTTP response message: Read timed out,Thread Group 133-1,text,false,,2690,0,1,141,0,0,2
1492747327111,1503,HTTP Request,Non HTTP response code: java.net.SocketTimeoutException,Non HTTP response message: Read timed out,Thread Group 97-1,text,false,,2690,0,1,141,0,0,1
1492747327110,1504,HTTP Request,Non HTTP response code: java.net.SocketTimeoutException,Non HTTP response message: Read timed out,Thread Group 98-1,text,false,,2690,0,1,141,0,0,2
1492747327111,1504,HTTP Request,Non HTTP response code: java.net.SocketTimeoutException,Non HTTP response message: Read timed out,Thread Group 125-1,text,false,,2690,0,1,141,0,0,1
1492747327110,1505,HTTP Request,Non HTTP response code: java.net.SocketTimeoutException,Non HTTP response message: Read timed out,Thread Group 128-1,text,false,,2690,0,1,141,0,0,2
1492747327126,1502,HTTP Request,Non HTTP response code: java.net.SocketTimeoutException,Non HTTP response message: Read timed out,Thread Group 50-1,text,false,,2690,0,1,141,0,0,1
1492747327126,1503,HTTP Request,Non HTTP response code: java.net.SocketTimeoutException,Non HTTP response message: Read timed out,Thread Group 42-1,text,false,,2690,0,1,141,0,0,1
1492747327126,1503,HTTP Request,Non HTTP response code: java.net.SocketTimeoutException,Non HTTP response message: Read timed out,Thread Group 112-1,text,false,,2690,0,1,141,0,0,1
1492747327154,1504,HTTP Request,Non HTTP response code: java.net.SocketTimeoutException,Non HTTP response message: Read timed out,Thread Group 10-1,text,false,,2690,0,1,141,0,0,2
1492747327156,1503,HTTP Request,Non HTTP response code: java.net.SocketTimeoutException,Non HTTP response message: Read timed out,Thread Group 37-1,text,false,,2690,0,1,141,0,0,0
1492747327195,1502,HTTP Request,Non HTTP response code: java.net.SocketTimeoutException,Non HTTP response message: Read timed out,Thread Group 64-1,text,false,,2690,0,1,141,0,0,1
1492747327195,1502,HTTP Request,Non HTTP response code: java.net.SocketTimeoutException,Non HTTP response message: Read timed out,Thread Group 41-1,text,false,,2690,0,1,141,0,0,1
1492747327194,1503,HTTP Request,Non HTTP response code: java.net.SocketTimeoutException,Non HTTP response message: Read timed out,Thread Group 6-1,text,false,,2690,0,1,141,0,0,2
1492747327195,1503,HTTP Request,Non HTTP response code: java.net.SocketTimeoutException,Non HTTP response message: Read timed out,Thread Group 72-1,text,false,,2690,0,1,141,0,0,0
1492747327194,1504,HTTP Request,Non HTTP response code: java.net.SocketTimeoutException,Non HTTP response message: Read timed out,Thread Group 30-1,text,false,,2690,0,1,141,0,0,2
1492747327199,1503,HTTP Request,Non HTTP response code: java.net.SocketTimeoutException,Non HTTP response message: Read timed out,Thread Group 44-1,text,false,,2690,0,1,141,0,0,1
1492747327199,1503,HTTP Request,Non HTTP response code: java.net.SocketTimeoutException,Non HTTP response message: Read timed out,Thread Group 47-1,text,false,,2690,0,1,141,0,0,1
1492747327200,1502,HTTP Request,Non HTTP response code: java.net.SocketTimeoutException,Non HTTP response message: Read timed out,Thread Group 94-1,text,false,,2690,0,1,141,0,0,0
1492747327199,1504,HTTP Request,Non HTTP response code: java.net.SocketTimeoutException,Non HTTP response message: Read timed out,Thread Group 99-1,text,false,,2690,0,1,141,0,0,1
1492747327199,1504,HTTP Request,Non HTTP response code: java.net.SocketTimeoutException,Non HTTP response message: Read timed out,Thread Group 80-1,text,false,,2690,0,1,141,0,0,1
1492747327200,1503,HTTP Request,Non HTTP response code: java.net.SocketTimeoutException,Non HTTP response message: Read timed out,Thread Group 110-1,text,false,,2690,0,1,141,0,0,0
1492747327198,1506,HTTP Request,Non HTTP response code: java.net.SocketTimeoutException,Non HTTP response message: Read timed out,Thread Group 63-1,text,false,,2690,0,1,141,0,0,2
1492747327198,1506,HTTP Request,Non HTTP response code: java.net.SocketTimeoutException,Non HTTP response message: Read timed out,Thread Group 7-1,text,false,,2690,0,1,141,0,0,2
1492747327198,1506,HTTP Request,Non HTTP response code: java.net.SocketTimeoutException,Non HTTP response message: Read timed out,Thread Group 48-1,text,false,,2690,0,1,141,0,0,2
1492747327238,1502,HTTP Request,Non HTTP response code: java.net.SocketTimeoutException,Non HTTP response message: Read timed out,Thread Group 118-1,text,false,,2690,0,1,141,0,0,0
1492747327346,1502,HTTP Request,Non HTTP response code: java.net.SocketTimeoutException,Non HTTP response message: Read timed out,Thread Group 104-1,text,false,,2690,0,1,141,0,0,0
1492747327382,1503,HTTP Request,Non HTTP response code: java.net.SocketTimeoutException,Non HTTP response message: Read timed out,Thread Group 113-1,text,false,,2690,0,1,141,0,0,1
1492747327383,1502,HTTP Request,Non HTTP response code: java.net.SocketTimeoutException,Non HTTP response message: Read timed out,Thread Group 126-1,text,false,,2690,0,1,141,0,0,0
1492747327382,1504,HTTP Request,Non HTTP response code: java.net.SocketTimeoutException,Non HTTP response message: Read timed out,Thread Group 93-1,text,false,,2690,0,1,141,0,0,1
1492747327387,1501,HTTP Request,Non HTTP response code: java.net.SocketTimeoutException,Non HTTP response message: Read timed out,Thread Group 136-1,text,false,,2690,0,1,141,0,0,0
1492747327386,1502,HTTP Request,Non HTTP response code: java.net.SocketTimeoutException,Non HTTP response message: Read timed out,Thread Group 117-1,text,false,,2690,0,1,141,0,0,1
1492747327386,1502,HTTP Request,Non HTTP response code: java.net.SocketTimeoutException,Non HTTP response message: Read timed out,Thread Group 29-1,text,false,,2690,0,1,141,0,0,1
1492747327387,1502,HTTP Request,Non HTTP response code: java.net.SocketTimeoutException,Non HTTP response message: Read timed out,Thread Group 121-1,text,false,,2690,0,1,141,0,0,0
1492747327387,1502,HTTP Request,Non HTTP response code: java.net.SocketTimeoutException,Non HTTP response message: Read timed out,Thread Group 135-1,text,false,,2690,0,1,141,0,0,0
1492747327392,1506,HTTP Request,Non HTTP response code: java.net.SocketTimeoutException,Non HTTP response message: Read timed out,Thread Group 31-1,text,false,,2690,0,1,141,0,0,4
1492747327396,1503,HTTP Request,Non HTTP response code: java.net.SocketTimeoutException,Non HTTP response message: Read timed out,Thread Group 140-1,text,false,,2690,0,1,141,0,0,1
1492747327392,1507,HTTP Request,Non HTTP response code: java.net.SocketTimeoutException,Non HTTP response message: Read timed out,Thread Group 28-1,text,false,,2690,0,1,141,0,0,5
1492747327396,1503,HTTP Request,Non HTTP response code: java.net.SocketTimeoutException,Non HTTP response message: Read timed out,Thread Group 32-1,text,false,,2690,0,1,141,0,0,1
1492747327394,1506,HTTP Request,Non HTTP response code: java.net.SocketTimeoutException,Non HTTP response message: Read timed out,Thread Group 78-1,text,false,,2690,0,1,141,0,0,3
1492747327396,1504,HTTP Request,Non HTTP response code: java.net.SocketTimeoutException,Non HTTP response message: Read timed out,Thread Group 26-1,text,false,,2690,0,1,141,0,0,1
1492747327395,1505,HTTP Request,Non HTTP response code: java.net.SocketTimeoutException,Non HTTP response message: Read timed out,Thread Group 43-1,text,false,,2690,0,1,141,0,0,2
1492747327395,1505,HTTP Request,Non HTTP response code: java.net.SocketTimeoutException,Non HTTP response message: Read timed out,Thread Group 79-1,text,false,,2690,0,1,141,0,0,2
1492747327394,1507,HTTP Request,Non HTTP response code: java.net.SocketTimeoutException,Non HTTP response message: Read timed out,Thread Group 4-1,text,false,,2690,0,1,141,0,0,3
1492747327391,1510,HTTP Request,Non HTTP response code: java.net.SocketTimeoutException,Non HTTP response message: Read timed out,Thread Group 109-1,text,false,,2690,0,1,141,0,0,6
1492747327391,1510,HTTP Request,Non HTTP response code: java.net.SocketTimeoutException,Non HTTP response message: Read timed out,Thread Group 25-1,text,false,,2690,0,1,141,0,0,6
1492747327396,1506,HTTP Request,Non HTTP response code: java.net.SocketTimeoutException,Non HTTP response message: Read timed out,Thread Group 13-1,text,false,,2690,0,1,141,0,0,1
1492747327395,1507,HTTP Request,Non HTTP response code: java.net.SocketTimeoutException,Non HTTP response message: Read timed out,Thread Group 19-1,text,false,,2690,0,1,141,0,0,2
1492747327390,1512,HTTP Request,Non HTTP response code: java.net.SocketTimeoutException,Non HTTP response message: Read timed out,Thread Group 102-1,text,false,,2690,0,1,141,0,0,7
1492747327390,1512,HTTP Request,Non HTTP response code: java.net.SocketTimeoutException,Non HTTP response message: Read timed out,Thread Group 132-1,text,false,,2690,0,1,141,0,0,7
1492747327394,1509,HTTP Request,Non HTTP response code: java.net.SocketTimeoutException,Non HTTP response message: Read timed out,Thread Group 71-1,text,false,,2690,0,1,141,0,0,3
1492747327391,1512,HTTP Request,Non HTTP response code: java.net.SocketTimeoutException,Non HTTP response message: Read timed out,Thread Group 14-1,text,false,,2690,0,1,141,0,0,6
1492747327390,1513,HTTP Request,Non HTTP response code: java.net.SocketTimeoutException,Non HTTP response message: Read timed out,Thread Group 8-1,text,false,,2690,0,1,141,0,0,7
1492747327398,1506,HTTP Request,Non HTTP response code: java.net.SocketTimeoutException,Non HTTP response message: Read timed out,Thread Group 129-1,text,false,,2690,0,1,141,0,0,1
1492747327399,1505,HTTP Request,Non HTTP response code: java.net.SocketTimeoutException,Non HTTP response message: Read timed out,Thread Group 16-1,text,false,,2690,0,1,141,0,0,0
1492747327398,1506,HTTP Request,Non HTTP response code: java.net.SocketTimeoutException,Non HTTP response message: Read timed out,Thread Group 73-1,text,false,,2690,0,1,141,0,0,1
1492747327398,1506,HTTP Request,Non HTTP response code: java.net.SocketTimeoutException,Non HTTP response message: Read timed out,Thread Group 40-1,text,false,,2690,0,1,141,0,0,1
1492747327399,1506,HTTP Request,Non HTTP response code: java.net.SocketTimeoutException,Non HTTP response message: Read timed out,Thread Group 122-1,text,false,,2690,0,1,141,0,0,0
1492747327402,1503,HTTP Request,Non HTTP response code: java.net.SocketTimeoutException,Non HTTP response message: Read timed out,Thread Group 49-1,text,false,,2690,0,1,141,0,0,0
1492747327402,1503,HTTP Request,Non HTTP response code: java.net.SocketTimeoutException,Non HTTP response message: Read timed out,Thread Group 86-1,text,false,,2690,0,1,141,0,0,0
1492747327402,1504,HTTP Request,Non HTTP response code: java.net.SocketTimeoutException,Non HTTP response message: Read timed out,Thread Group 106-1,text,false,,2690,0,1,141,0,0,0
1492747327395,1512,HTTP Request,Non HTTP response code: java.net.SocketTimeoutException,Non HTTP response message: Read timed out,Thread Group 22-1,text,false,,2690,0,1,141,0,0,2
1492747327442,1502,HTTP Request,Non HTTP response code: java.net.SocketTimeoutException,Non HTTP response message: Read timed out,Thread Group 101-1,text,false,,2690,0,1,141,0,0,0
1492747327529,1502,HTTP Request,Non HTTP response code: java.net.SocketTimeoutException,Non HTTP response message: Read timed out,Thread Group 74-1,text,false,,2690,0,1,141,0,0,0
1492747327566,1502,HTTP Request,Non HTTP response code: java.net.SocketTimeoutException,Non HTTP response message: Read timed out,Thread Group 103-1,text,false,,2690,0,1,141,0,0,0
1492747327650,1503,HTTP Request,Non HTTP response code: java.net.SocketTimeoutException,Non HTTP response message: Read timed out,Thread Group 2-1,text,false,,2690,0,1,141,0,0,1
1492747327651,1502,HTTP Request,Non HTTP response code: java.net.SocketTimeoutException,Non HTTP response message: Read timed out,Thread Group 57-1,text,false,,2690,0,1,141,0,0,0
1492747327650,1504,HTTP Request,Non HTTP response code: java.net.SocketTimeoutException,Non HTTP response message: Read timed out,Thread Group 69-1,text,false,,2690,0,1,141,0,0,1
1492747327690,1502,HTTP Request,Non HTTP response code: java.net.SocketTimeoutException,Non HTTP response message: Read timed out,Thread Group 65-1,text,false,,2690,0,1,141,0,0,1
1492747327690,1503,HTTP Request,Non HTTP response code: java.net.SocketTimeoutException,Non HTTP response message: Read timed out,Thread Group 62-1,text,false,,2690,0,1,141,0,0,1
1492747327747,1502,HTTP Request,Non HTTP response code: java.net.SocketTimeoutException,Non HTTP response message: Read timed out,Thread Group 116-1,text,false,,2690,0,1,141,0,0,0
1492747327765,1502,HTTP Request,Non HTTP response code: java.net.SocketTimeoutException,Non HTTP response message: Read timed out,Thread Group 15-1,text,false,,2690,0,1,141,0,0,0
1492747327764,1503,HTTP Request,Non HTTP response code: java.net.SocketTimeoutException,Non HTTP response message: Read timed out,Thread Group 18-1,text,false,,2690,0,1,141,0,0,1
1492747327765,1503,HTTP Request,Non HTTP response code: java.net.SocketTimeoutException,Non HTTP response message: Read timed out,Thread Group 52-1,text,false,,2690,0,1,141,0,0,0
1492747327764,1504,HTTP Request,Non HTTP response code: java.net.SocketTimeoutException,Non HTTP response message: Read timed out,Thread Group 130-1,text,false,,2690,0,1,141,0,0,1
1492747327768,1503,HTTP Request,Non HTTP response code: java.net.SocketTimeoutException,Non HTTP response message: Read timed out,Thread Group 35-1,text,false,,2690,0,1,141,0,0,1
1492747327769,1503,HTTP Request,Non HTTP response code: java.net.SocketTimeoutException,Non HTTP response message: Read timed out,Thread Group 96-1,text,false,,2690,0,1,141,0,0,1
1492747327769,1503,HTTP Request,Non HTTP response code: java.net.SocketTimeoutException,Non HTTP response message: Read timed out,Thread Group 27-1,text,false,,2690,0,1,141,0,0,1
1492747327768,1504,HTTP Request,Non HTTP response code: java.net.SocketTimeoutException,Non HTTP response message: Read timed out,Thread Group 11-1,text,false,,2690,0,1,141,0,0,2
1492747327769,1504,HTTP Request,Non HTTP response code: java.net.SocketTimeoutException,Non HTTP response message: Read timed out,Thread Group 55-1,text,false,,2690,0,1,141,0,0,1
1492747327767,1506,HTTP Request,Non HTTP response code: java.net.SocketTimeoutException,Non HTTP response message: Read timed out,Thread Group 75-1,text,false,,2690,0,1,141,0,0,3
1492747327769,1504,HTTP Request,Non HTTP response code: java.net.SocketTimeoutException,Non HTTP response message: Read timed out,Thread Group 105-1,text,false,,2690,0,1,141,0,0,1
1492747327767,1507,HTTP Request,Non HTTP response code: java.net.SocketTimeoutException,Non HTTP response message: Read timed out,Thread Group 88-1,text,false,,2690,0,1,141,0,0,3
1492747327768,1506,HTTP Request,Non HTTP response code: java.net.SocketTimeoutException,Non HTTP response message: Read timed out,Thread Group 138-1,text,false,,2690,0,1,141,0,0,2
1492747327792,1502,HTTP Request,Non HTTP response code: java.net.SocketTimeoutException,Non HTTP response message: Read timed out,Thread Group 127-1,text,false,,2690,0,1,141,0,0,0
1492747327790,1504,HTTP Request,Non HTTP response code: java.net.SocketTimeoutException,Non HTTP response message: Read timed out,Thread Group 134-1,text,false,,2690,0,1,141,0,0,2
1492747327788,1507,HTTP Request,Non HTTP response code: java.net.SocketTimeoutException,Non HTTP response message: Read timed out,Thread Group 53-1,text,false,,2690,0,1,141,0,0,4
1492747327789,1506,HTTP Request,Non HTTP response code: java.net.SocketTimeoutException,Non HTTP response message: Read timed out,Thread Group 5-1,text,false,,2690,0,1,141,0,0,3
1492747327789,1506,HTTP Request,Non HTTP response code: java.net.SocketTimeoutException,Non HTTP response message: Read timed out,Thread Group 131-1,text,false,,2690,0,1,141,0,0,3
1492747327788,1508,HTTP Request,Non HTTP response code: java.net.SocketTimeoutException,Non HTTP response message: Read timed out,Thread Group 76-1,text,false,,2690,0,1,141,0,0,4
1492747327790,1506,HTTP Request,Non HTTP response code: java.net.SocketTimeoutException,Non HTTP response message: Read timed out,Thread Group 60-1,text,false,,2690,0,1,141,0,0,2
1492747327791,1505,HTTP Request,Non HTTP response code: java.net.SocketTimeoutException,Non HTTP response message: Read timed out,Thread Group 36-1,text,false,,2690,0,1,141,0,0,1
1492747327792,1504,HTTP Request,Non HTTP response code: java.net.SocketTimeoutException,Non HTTP response message: Read timed out,Thread Group 58-1,text,false,,2690,0,1,141,0,0,1
1492747327788,1509,HTTP Request,Non HTTP response code: java.net.SocketTimeoutException,Non HTTP response message: Read timed out,Thread Group 120-1,text,false,,2690,0,1,141,0,0,5
1492747327789,1508,HTTP Request,Non HTTP response code: java.net.SocketTimeoutException,Non HTTP response message: Read timed out,Thread Group 21-1,text,false,,2690,0,1,141,0,0,4
1492747327791,1506,HTTP Request,Non HTTP response code: java.net.SocketTimeoutException,Non HTTP response message: Read timed out,Thread Group 139-1,text,false,,2690,0,1,141,0,0,2
1492747327790,1508,HTTP Request,Non HTTP response code: java.net.SocketTimeoutException,Non HTTP response message: Read timed out,Thread Group 124-1,text,false,,2690,0,1,141,0,0,3
1492747327789,1509,HTTP Request,Non HTTP response code: java.net.SocketTimeoutException,Non HTTP response message: Read timed out,Thread Group 51-1,text,false,,2690,0,1,141,0,0,4
1492747327790,1508,HTTP Request,Non HTTP response code: java.net.SocketTimeoutException,Non HTTP response message: Read timed out,Thread Group 70-1,text,false,,2690,0,1,141,0,0,3
1492747327791,1508,HTTP Request,Non HTTP response code: java.net.SocketTimeoutException,Non HTTP response message: Read timed out,Thread Group 81-1,text,false,,2690,0,1,141,0,0,2
1492747327787,1512,HTTP Request,Non HTTP response code: java.net.SocketTimeoutException,Non HTTP response message: Read timed out,Thread Group 67-1,text,false,,2690,0,1,141,0,0,6
1492747327787,1512,HTTP Request,Non HTTP response code: java.net.SocketTimeoutException,Non HTTP response message: Read timed out,Thread Group 90-1,text,false,,2690,0,1,141,0,0,6
1492747327787,1513,HTTP Request,Non HTTP response code: java.net.SocketTimeoutException,Non HTTP response message: Read timed out,Thread Group 66-1,text,false,,2690,0,1,141,0,0,6
1492747327792,1508,HTTP Request,Non HTTP response code: java.net.SocketTimeoutException,Non HTTP response message: Read timed out,Thread Group 34-1,text,false,,2690,0,1,141,0,0,1
1492747327825,1502,HTTP Request,Non HTTP response code: java.net.SocketTimeoutException,Non HTTP response message: Read timed out,Thread Group 46-1,text,false,,2690,0,1,141,0,0,0
1492747328152,1502,HTTP Request,Non HTTP response code: java.net.SocketTimeoutException,Non HTTP response message: Read timed out,Thread Group 56-1,text,false,,2690,0,1,141,0,0,1
1492747328566,1502,HTTP Request,Non HTTP response code: java.net.SocketTimeoutException,Non HTTP response message: Read timed out,Thread Group 85-1,text,false,,2690,0,1,141,0,0,0
1492747328566,1502,HTTP Request,Non HTTP response code: java.net.SocketTimeoutException,Non HTTP response message: Read timed out,Thread Group 38-1,text,false,,2690,0,1,141,0,0,0
1492747328565,1504,HTTP Request,Non HTTP response code: java.net.SocketTimeoutException,Non HTTP response message: Read timed out,Thread Group 54-1,text,false,,2690,0,1,141,0,0,1
1492747328565,1504,HTTP Request,Non HTTP response code: java.net.SocketTimeoutException,Non HTTP response message: Read timed out,Thread Group 82-1,text,false,,2690,0,1,141,0,0,1
1492747328565,1504,HTTP Request,Non HTTP response code: java.net.SocketTimeoutException,Non HTTP response message: Read timed out,Thread Group 83-1,text,false,,2690,0,1,141,0,0,1
1492747328566,1504,HTTP Request,Non HTTP response code: java.net.SocketTimeoutException,Non HTTP response message: Read timed out,Thread Group 68-1,text,false,,2690,0,1,141,0,0,0
1492747328564,1506,HTTP Request,Non HTTP response code: java.net.SocketTimeoutException,Non HTTP response message: Read timed out,Thread Group 33-1,text,false,,2690,0,1,141,0,0,2
1492747328554,1516,HTTP Request,Non HTTP response code: java.net.SocketTimeoutException,Non HTTP response message: Read timed out,Thread Group 77-1,text,false,,2690,0,1,141,0,0,13
1492747328555,1516,HTTP Request,Non HTTP response code: java.net.SocketTimeoutException,Non HTTP response message: Read timed out,Thread Group 45-1,text,false,,2690,0,1,141,0,0,12
1492747328554,1517,HTTP Request,Non HTTP response code: java.net.SocketTimeoutException,Non HTTP response message: Read timed out,Thread Group 3-1,text,false,,2690,0,1,141,0,0,13
1492747328555,1516,HTTP Request,Non HTTP response code: java.net.SocketTimeoutException,Non HTTP response message: Read timed out,Thread Group 1-1,text,false,,2690,0,1,141,0,0,12
1492747328555,1517,HTTP Request,Non HTTP response code: java.net.SocketTimeoutException,Non HTTP response message: Read timed out,Thread Group 39-1,text,false,,2690,0,1,141,0,0,12
1492747328567,1505,HTTP Request,Non HTTP response code: java.net.SocketTimeoutException,Non HTTP response message: Read timed out,Thread Group 17-1,text,false,,2690,0,1,141,0,0,0
1492747328567,1505,HTTP Request,Non HTTP response code: java.net.SocketTimeoutException,Non HTTP response message: Read timed out,Thread Group 20-1,text,false,,2690,0,1,141,0,0,0
1492747328556,1516,HTTP Request,Non HTTP response code: java.net.SocketTimeoutException,Non HTTP response message: Read timed out,Thread Group 24-1,text,false,,2690,0,1,141,0,0,11
1492747328588,1502,HTTP Request,Non HTTP response code: java.net.SocketTimeoutException,Non HTTP response message: Read timed out,Thread Group 108-1,text,false,,2690,0,1,141,0,0,0
1492747328588,1503,HTTP Request,Non HTTP response code: java.net.SocketTimeoutException,Non HTTP response message: Read timed out,Thread Group 114-1,text,false,,2690,0,1,141,0,0,0
1492747328587,1504,HTTP Request,Non HTTP response code: java.net.SocketTimeoutException,Non HTTP response message: Read timed out,Thread Group 119-1,text,false,,2690,0,1,141,0,0,1
1492747328596,1502,HTTP Request,Non HTTP response code: java.net.SocketTimeoutException,Non HTTP response message: Read timed out,Thread Group 59-1,text,false,,2690,0,1,141,0,0,1
1492747328596,1503,HTTP Request,Non HTTP response code: java.net.SocketTimeoutException,Non HTTP response message: Read timed out,Thread Group 23-1,text,false,,2690,0,1,141,0,0,1
1492747328596,1503,HTTP Request,Non HTTP response code: java.net.SocketTimeoutException,Non HTTP response message: Read timed out,Thread Group 9-1,text,false,,2690,0,1,141,0,0,1
1492747328606,1502,HTTP Request,Non HTTP response code: java.net.SocketTimeoutException,Non HTTP response message: Read timed out,Thread Group 137-1,text,false,,2690,0,1,141,0,0,1
1492747328607,1501,HTTP Request,Non HTTP response code: java.net.SocketTimeoutException,Non HTTP response message: Read timed out,Thread Group 61-1,text,false,,2690,0,1,141,0,0,0
1492747328605,1503,HTTP Request,Non HTTP response code: java.net.SocketTimeoutException,Non HTTP response message: Read timed out,Thread Group 92-1,text,false,,2690,0,1,141,0,0,2
1492747328604,1505,HTTP Request,Non HTTP response code: java.net.SocketTimeoutException,Non HTTP response message: Read timed out,Thread Group 107-1,text,false,,2690,0,1,141,0,0,3
1492747328605,1504,HTTP Request,Non HTTP response code: java.net.SocketTimeoutException,Non HTTP response message: Read timed out,Thread Group 91-1,text,false,,2690,0,1,141,0,0,2
1492747328606,1503,HTTP Request,Non HTTP response code: java.net.SocketTimeoutException,Non HTTP response message: Read timed out,Thread Group 115-1,text,false,,2690,0,1,141,0,0,1
1492747328606,1504,HTTP Request,Non HTTP response code: java.net.SocketTimeoutException,Non HTTP response message: Read timed out,Thread Group 89-1,text,false,,2690,0,1,141,0,0,1
1492747328604,1506,HTTP Request,Non HTTP response code: java.net.SocketTimeoutException,Non HTTP response message: Read timed out,Thread Group 111-1,text,false,,2690,0,1,141,0,0,3
1492747328606,1504,HTTP Request,Non HTTP response code: java.net.SocketTimeoutException,Non HTTP response message: Read timed out,Thread Group 12-1,text,false,,2690,0,1,141,0,0,1
1492747328605,1505,HTTP Request,Non HTTP response code: java.net.SocketTimeoutException,Non HTTP response message: Read timed out,Thread Group 100-1,text,false,,2690,0,1,141,0,0,2
1492747328603,1508,HTTP Request,Non HTTP response code: java.net.SocketTimeoutException,Non HTTP response message: Read timed out,Thread Group 95-1,text,false,,2690,0,1,141,0,0,4
1492747328604,1507,HTTP Request,Non HTTP response code: java.net.SocketTimeoutException,Non HTTP response message: Read timed out,Thread Group 87-1,text,false,,2690,0,1,141,0,0,3
1492747328603,1508,HTTP Request,Non HTTP response code: java.net.SocketTimeoutException,Non HTTP response message: Read timed out,Thread Group 141-1,text,false,,2690,0,1,141,0,0,4
1492747328615,1501,HTTP Request,Non HTTP response code: java.net.SocketTimeoutException,Non HTTP response message: Read timed out,Thread Group 125-1,text,false,,2690,0,1,141,0,0,0
1492747328615,1501,HTTP Request,Non HTTP response code: java.net.SocketTimeoutException,Non HTTP response message: Read timed out,Thread Group 128-1,text,false,,2690,0,1,141,0,0,0
1492747328615,1501,HTTP Request,Non HTTP response code: java.net.SocketTimeoutException,Non HTTP response message: Read timed out,Thread Group 98-1,text,false,,2690,0,1,141,0,0,0
1492747328614,1503,HTTP Request,Non HTTP response code: java.net.SocketTimeoutException,Non HTTP response message: Read timed out,Thread Group 133-1,text,false,,2690,0,1,141,0,0,2
1492747328614,1503,HTTP Request,Non HTTP response code: java.net.SocketTimeoutException,Non HTTP response message: Read timed out,Thread Group 123-1,text,false,,2690,0,1,141,0,0,2
1492747328614,1504,HTTP Request,Non HTTP response code: java.net.SocketTimeoutException,Non HTTP response message: Read timed out,Thread Group 97-1,text,false,,2690,0,1,141,0,0,2
1492747328613,1505,HTTP Request,Non HTTP response code: java.net.SocketTimeoutException,Non HTTP response message: Read timed out,Thread Group 84-1,text,false,,2690,0,1,141,0,0,3
1492747328629,1501,HTTP Request,Non HTTP response code: java.net.SocketTimeoutException,Non HTTP response message: Read timed out,Thread Group 42-1,text,false,,2690,0,1,141,0,0,0
1492747328629,1501,HTTP Request,Non HTTP response code: java.net.SocketTimeoutException,Non HTTP response message: Read timed out,Thread Group 50-1,text,false,,2690,0,1,141,0,0,0
1492747328629,1502,HTTP Request,Non HTTP response code: java.net.SocketTimeoutException,Non HTTP response message: Read timed out,Thread Group 112-1,text,false,,2690,0,1,141,0,0,1
1492747328658,1503,HTTP Request,Non HTTP response code: java.net.SocketTimeoutException,Non HTTP response message: Read timed out,Thread Group 10-1,text,false,,2690,0,1,141,0,0,1
1492747328659,1502,HTTP Request,Non HTTP response code: java.net.SocketTimeoutException,Non HTTP response message: Read timed out,Thread Group 37-1,text,false,,2690,0,1,141,0,0,0
1492747328698,1502,HTTP Request,Non HTTP response code: java.net.SocketTimeoutException,Non HTTP response message: Read timed out,Thread Group 72-1,text,false,,2690,0,1,141,0,0,0
1492747328698,1503,HTTP Request,Non HTTP response code: java.net.SocketTimeoutException,Non HTTP response message: Read timed out,Thread Group 30-1,text,false,,2690,0,1,141,0,0,0
1492747328698,1503,HTTP Request,Non HTTP response code: java.net.SocketTimeoutException,Non HTTP response message: Read timed out,Thread Group 6-1,text,false,,2690,0,1,141,0,0,1
1492747328697,1504,HTTP Request,Non HTTP response code: java.net.SocketTimeoutException,Non HTTP response message: Read timed out,Thread Group 41-1,text,false,,2690,0,1,141,0,0,2
1492747328697,1505,HTTP Request,Non HTTP response code: java.net.SocketTimeoutException,Non HTTP response message: Read timed out,Thread Group 64-1,text,false,,2690,0,1,141,0,0,2
1492747328704,1502,HTTP Request,Non HTTP response code: java.net.SocketTimeoutException,Non HTTP response message: Read timed out,Thread Group 7-1,text,false,,2690,0,1,141,0,0,0
1492747328704,1503,HTTP Request,Non HTTP response code: java.net.SocketTimeoutException,Non HTTP response message: Read timed out,Thread Group 63-1,text,false,,2690,0,1,141,0,0,0
1492747328703,1504,HTTP Request,Non HTTP response code: java.net.SocketTimeoutException,Non HTTP response message: Read timed out,Thread Group 80-1,text,false,,2690,0,1,141,0,0,1
1492747328704,1504,HTTP Request,Non HTTP response code: java.net.SocketTimeoutException,Non HTTP response message: Read timed out,Thread Group 48-1,text,false,,2690,0,1,141,0,0,1
1492747328703,1505,HTTP Request,Non HTTP response code: java.net.SocketTimeoutException,Non HTTP response message: Read timed out,Thread Group 99-1,text,false,,2690,0,1,141,0,0,2
1492747328703,1505,HTTP Request,Non HTTP response code: java.net.SocketTimeoutException,Non HTTP response message: Read timed out,Thread Group 94-1,text,false,,2690,0,1,141,0,0,2
1492747328702,1507,HTTP Request,Non HTTP response code: java.net.SocketTimeoutException,Non HTTP response message: Read timed out,Thread Group 47-1,text,false,,2690,0,1,141,0,0,3
1492747328702,1507,HTTP Request,Non HTTP response code: java.net.SocketTimeoutException,Non HTTP response message: Read timed out,Thread Group 44-1,text,false,,2690,0,1,141,0,0,3
1492747328703,1504,HTTP Request,Non HTTP response code: java.net.SocketTimeoutException,Non HTTP response message: Read timed out,Thread Group 110-1,text,false,,2690,0,1,141,0,0,2
1492747328741,1502,HTTP Request,Non HTTP response code: java.net.SocketTimeoutException,Non HTTP response message: Read timed out,Thread Group 118-1,text,false,,2690,0,1,141,0,0,0
1492747328848,1502,HTTP Request,Non HTTP response code: java.net.SocketTimeoutException,Non HTTP response message: Read timed out,Thread Group 104-1,text,false,,2690,0,1,141,0,0,1
1492747328885,1503,HTTP Request,Non HTTP response code: java.net.SocketTimeoutException,Non HTTP response message: Read timed out,Thread Group 126-1,text,false,,2690,0,1,141,0,0,1
1492747328886,1502,HTTP Request,Non HTTP response code: java.net.SocketTimeoutException,Non HTTP response message: Read timed out,Thread Group 93-1,text,false,,2690,0,1,141,0,0,0
1492747328885,1504,HTTP Request,Non HTTP response code: java.net.SocketTimeoutException,Non HTTP response message: Read timed out,Thread Group 113-1,text,false,,2690,0,1,141,0,0,1
1492747328889,1502,HTTP Request,Non HTTP response code: java.net.SocketTimeoutException,Non HTTP response message: Read timed out,Thread Group 121-1,text,false,,2690,0,1,141,0,0,0
1492747328888,1503,HTTP Request,Non HTTP response code: java.net.SocketTimeoutException,Non HTTP response message: Read timed out,Thread Group 136-1,text,false,,2690,0,1,141,0,0,1
1492747328889,1503,HTTP Request,Non HTTP response code: java.net.SocketTimeoutException,Non HTTP response message: Read timed out,Thread Group 135-1,text,false,,2690,0,1,141,0,0,0
1492747328888,1504,HTTP Request,Non HTTP response code: java.net.SocketTimeoutException,Non HTTP response message: Read timed out,Thread Group 117-1,text,false,,2690,0,1,141,0,0,1
1492747328888,1503,HTTP Request,Non HTTP response code: java.net.SocketTimeoutException,Non HTTP response message: Read timed out,Thread Group 29-1,text,false,,2690,0,1,141,0,0,1
1492747328903,1506,HTTP Request,Non HTTP response code: java.net.SocketTimeoutException,Non HTTP response message: Read timed out,Thread Group 8-1,text,false,,2690,0,1,141,0,0,4
1492747328901,1509,HTTP Request,Non HTTP response code: java.net.SocketTimeoutException,Non HTTP response message: Read timed out,Thread Group 25-1,text,false,,2690,0,1,141,0,0,6
1492747328906,1504,HTTP Request,Non HTTP response code: java.net.SocketTimeoutException,Non HTTP response message: Read timed out,Thread Group 106-1,text,false,,2690,0,1,141,0,0,1
1492747328902,1508,HTTP Request,Non HTTP response code: java.net.SocketTimeoutException,Non HTTP response message: Read timed out,Thread Group 13-1,text,false,,2690,0,1,141,0,0,6
1492747328903,1508,HTTP Request,Non HTTP response code: java.net.SocketTimeoutException,Non HTTP response message: Read timed out,Thread Group 14-1,text,false,,2690,0,1,141,0,0,5
1492747328900,1511,HTTP Request,Non HTTP response code: java.net.SocketTimeoutException,Non HTTP response message: Read timed out,Thread Group 26-1,text,false,,2690,0,1,141,0,0,8
1492747328905,1506,HTTP Request,Non HTTP response code: java.net.SocketTimeoutException,Non HTTP response message: Read timed out,Thread Group 40-1,text,false,,2690,0,1,141,0,0,3
1492747328902,1510,HTTP Request,Non HTTP response code: java.net.SocketTimeoutException,Non HTTP response message: Read timed out,Thread Group 19-1,text,false,,2690,0,1,141,0,0,6
1492747328901,1511,HTTP Request,Non HTTP response code: java.net.SocketTimeoutException,Non HTTP response message: Read timed out,Thread Group 109-1,text,false,,2690,0,1,141,0,0,7
1492747328905,1507,HTTP Request,Non HTTP response code: java.net.SocketTimeoutException,Non HTTP response message: Read timed out,Thread Group 49-1,text,false,,2690,0,1,141,0,0,3
1492747328904,1509,HTTP Request,Non HTTP response code: java.net.SocketTimeoutException,Non HTTP response message: Read timed out,Thread Group 16-1,text,false,,2690,0,1,141,0,0,4
1492747328901,1512,HTTP Request,Non HTTP response code: java.net.SocketTimeoutException,Non HTTP response message: Read timed out,Thread Group 4-1,text,false,,2690,0,1,141,0,0,7
1492747328904,1509,HTTP Request,Non HTTP response code: java.net.SocketTimeoutException,Non HTTP response message: Read timed out,Thread Group 73-1,text,false,,2690,0,1,141,0,0,4
1492747328900,1513,HTTP Request,Non HTTP response code: java.net.SocketTimeoutException,Non HTTP response message: Read timed out,Thread Group 43-1,text,false,,2690,0,1,141,0,0,8
1492747328904,1510,HTTP Request,Non HTTP response code: java.net.SocketTimeoutException,Non HTTP response message: Read timed out,Thread Group 129-1,text,false,,2690,0,1,141,0,0,4
1492747328902,1512,HTTP Request,Non HTTP response code: java.net.SocketTimeoutException,Non HTTP response message: Read timed out,Thread Group 102-1,text,false,,2690,0,1,141,0,0,6
1492747328900,1514,HTTP Request,Non HTTP response code: java.net.SocketTimeoutException,Non HTTP response message: Read timed out,Thread Group 78-1,text,false,,2690,0,1,141,0,0,8
1492747328906,1509,HTTP Request,Non HTTP response code: java.net.SocketTimeoutException,Non HTTP response message: Read timed out,Thread Group 86-1,text,false,,2690,0,1,141,0,0,2
1492747328899,1516,HTTP Request,Non HTTP response code: java.net.SocketTimeoutException,Non HTTP response message: Read timed out,Thread Group 140-1,text,false,,2690,0,1,141,0,0,9
1492747328901,1514,HTTP Request,Non HTTP response code: java.net.SocketTimeoutException,Non HTTP response message: Read timed out,Thread Group 79-1,text,false,,2690,0,1,141,0,0,7
1492747328905,1511,HTTP Request,Non HTTP response code: java.net.SocketTimeoutException,Non HTTP response message: Read timed out,Thread Group 122-1,text,false,,2690,0,1,141,0,0,3
1492747328898,1518,HTTP Request,Non HTTP response code: java.net.SocketTimeoutException,Non HTTP response message: Read timed out,Thread Group 31-1,text,false,,2690,0,1,141,0,0,11
1492747328899,1517,HTTP Request,Non HTTP response code: java.net.SocketTimeoutException,Non HTTP response message: Read timed out,Thread Group 28-1,text,false,,2690,0,1,141,0,0,10
1492747328899,1517,HTTP Request,Non HTTP response code: java.net.SocketTimeoutException,Non HTTP response message: Read timed out,Thread Group 32-1,text,false,,2690,0,1,141,0,0,10
1492747328907,1510,HTTP Request,Non HTTP response code: java.net.SocketTimeoutException,Non HTTP response message: Read timed out,Thread Group 22-1,text,false,,2690,0,1,141,0,0,2
1492747328903,1514,HTTP Request,Non HTTP response code: java.net.SocketTimeoutException,Non HTTP response message: Read timed out,Thread Group 71-1,text,false,,2690,0,1,141,0,0,5
1492747328903,1514,HTTP Request,Non HTTP response code: java.net.SocketTimeoutException,Non HTTP response message: Read timed out,Thread Group 132-1,text,false,,2690,0,1,141,0,0,4
1492747328944,1502,HTTP Request,Non HTTP response code: java.net.SocketTimeoutException,Non HTTP response message: Read timed out,Thread Group 101-1,text,false,,2690,0,1,141,0,0,1
1492747329031,1503,HTTP Request,Non HTTP response code: java.net.SocketTimeoutException,Non HTTP response message: Read timed out,Thread Group 74-1,text,false,,2690,0,1,141,0,0,1
1492747329069,1502,HTTP Request,Non HTTP response code: java.net.SocketTimeoutException,Non HTTP response message: Read timed out,Thread Group 103-1,text,false,,2690,0,1,141,0,0,0
1492747329153,1503,HTTP Request,Non HTTP response code: java.net.SocketTimeoutException,Non HTTP response message: Read timed out,Thread Group 57-1,text,false,,2690,0,1,141,0,0,1
1492747329154,1502,HTTP Request,Non HTTP response code: java.net.SocketTimeoutException,Non HTTP response message: Read timed out,Thread Group 69-1,text,false,,2690,0,1,141,0,0,0
1492747329153,1504,HTTP Request,Non HTTP response code: java.net.SocketTimeoutException,Non HTTP response message: Read timed out,Thread Group 2-1,text,false,,2690,0,1,141,0,0,1
1492747329193,1502,HTTP Request,Non HTTP response code: java.net.SocketTimeoutException,Non HTTP response message: Read timed out,Thread Group 65-1,text,false,,2690,0,1,141,0,0,0
1492747329193,1503,HTTP Request,Non HTTP response code: java.net.SocketTimeoutException,Non HTTP response message: Read timed out,Thread Group 62-1,text,false,,2690,0,1,141,0,0,0
1492747329249,1503,HTTP Request,Non HTTP response code: java.net.SocketTimeoutException,Non HTTP response message: Read timed out,Thread Group 116-1,text,false,,2690,0,1,141,0,0,1
1492747329268,1502,HTTP Request,Non HTTP response code: java.net.SocketTimeoutException,Non HTTP response message: Read timed out,Thread Group 52-1,text,false,,2690,0,1,141,0,0,0
1492747329268,1503,HTTP Request,Non HTTP response code: java.net.SocketTimeoutException,Non HTTP response message: Read timed out,Thread Group 130-1,text,false,,2690,0,1,141,0,0,0
1492747329267,1504,HTTP Request,Non HTTP response code: java.net.SocketTimeoutException,Non HTTP response message: Read timed out,Thread Group 18-1,text,false,,2690,0,1,141,0,0,1
1492747329267,1504,HTTP Request,Non HTTP response code: java.net.SocketTimeoutException,Non HTTP response message: Read timed out,Thread Group 15-1,text,false,,2690,0,1,141,0,0,1
1492747329272,1504,HTTP Request,Non HTTP response code: java.net.SocketTimeoutException,Non HTTP response message: Read timed out,Thread Group 96-1,text,false,,2690,0,1,141,0,0,2
1492747329272,1504,HTTP Request,Non HTTP response code: java.net.SocketTimeoutException,Non HTTP response message: Read timed out,Thread Group 27-1,text,false,,2690,0,1,141,0,0,2
1492747329274,1502,HTTP Request,Non HTTP response code: java.net.SocketTimeoutException,Non HTTP response message: Read timed out,Thread Group 88-1,text,false,,2690,0,1,141,0,0,0
1492747329273,1504,HTTP Request,Non HTTP response code: java.net.SocketTimeoutException,Non HTTP response message: Read timed out,Thread Group 75-1,text,false,,2690,0,1,141,0,0,1
1492747329273,1504,HTTP Request,Non HTTP response code: java.net.SocketTimeoutException,Non HTTP response message: Read timed out,Thread Group 55-1,text,false,,2690,0,1,141,0,0,1
1492747329274,1503,HTTP Request,Non HTTP response code: java.net.SocketTimeoutException,Non HTTP response message: Read timed out,Thread Group 138-1,text,false,,2690,0,1,141,0,0,0
1492747329272,1506,HTTP Request,Non HTTP response code: java.net.SocketTimeoutException,Non HTTP response message: Read timed out,Thread Group 11-1,text,false,,2690,0,1,141,0,0,2
1492747329273,1505,HTTP Request,Non HTTP response code: java.net.SocketTimeoutException,Non HTTP response message: Read timed out,Thread Group 105-1,text,false,,2690,0,1,141,0,0,1
1492747329271,1508,HTTP Request,Non HTTP response code: java.net.SocketTimeoutException,Non HTTP response message: Read timed out,Thread Group 35-1,text,false,,2690,0,1,141,0,0,3
1492747329299,1503,HTTP Request,Non HTTP response code: java.net.SocketTimeoutException,Non HTTP response message: Read timed out,Thread Group 67-1,text,false,,2690,0,1,141,0,0,1
1492747329296,1506,HTTP Request,Non HTTP response code: java.net.SocketTimeoutException,Non HTTP response message: Read timed out,Thread Group 60-1,text,false,,2690,0,1,141,0,0,4
1492747329298,1505,HTTP Request,Non HTTP response code: java.net.SocketTimeoutException,Non HTTP response message: Read timed out,Thread Group 51-1,text,false,,2690,0,1,141,0,0,2
1492747329295,1508,HTTP Request,Non HTTP response code: java.net.SocketTimeoutException,Non HTTP response message: Read timed out,Thread Group 5-1,text,false,,2690,0,1,141,0,0,5
1492747329298,1506,HTTP Request,Non HTTP response code: java.net.SocketTimeoutException,Non HTTP response message: Read timed out,Thread Group 124-1,text,false,,2690,0,1,141,0,0,3
1492747329297,1507,HTTP Request,Non HTTP response code: java.net.SocketTimeoutException,Non HTTP response message: Read timed out,Thread Group 120-1,text,false,,2690,0,1,141,0,0,4
1492747329295,1509,HTTP Request,Non HTTP response code: java.net.SocketTimeoutException,Non HTTP response message: Read timed out,Thread Group 53-1,text,false,,2690,0,1,141,0,0,6
1492747329300,1505,HTTP Request,Non HTTP response code: java.net.SocketTimeoutException,Non HTTP response message: Read timed out,Thread Group 66-1,text,false,,2690,0,1,141,0,0,1
1492747329299,1506,HTTP Request,Non HTTP response code: java.net.SocketTimeoutException,Non HTTP response message: Read timed out,Thread Group 90-1,text,false,,2690,0,1,141,0,0,2
1492747329297,1508,HTTP Request,Non HTTP response code: java.net.SocketTimeoutException,Non HTTP response message: Read timed out,Thread Group 58-1,text,false,,2690,0,1,141,0,0,4
1492747329299,1507,HTTP Request,Non HTTP response code: java.net.SocketTimeoutException,Non HTTP response message: Read timed out,Thread Group 81-1,text,false,,2690,0,1,141,0,0,2
1492747329298,1508,HTTP Request,Non HTTP response code: java.net.SocketTimeoutException,Non HTTP response message: Read timed out,Thread Group 139-1,text,false,,2690,0,1,141,0,0,3
1492747329299,1507,HTTP Request,Non HTTP response code: java.net.SocketTimeoutException,Non HTTP response message: Read timed out,Thread Group 70-1,text,false,,2690,0,1,141,0,0,2
1492747329300,1507,HTTP Request,Non HTTP response code: java.net.SocketTimeoutException,Non HTTP response message: Read timed out,Thread Group 34-1,text,false,,2690,0,1,141,0,0,1
1492747329295,1512,HTTP Request,Non HTTP response code: java.net.SocketTimeoutException,Non HTTP response message: Read timed out,Thread Group 131-1,text,false,,2690,0,1,141,0,0,6
1492747329296,1511,HTTP Request,Non HTTP response code: java.net.SocketTimeoutException,Non HTTP response message: Read timed out,Thread Group 36-1,text,false,,2690,0,1,141,0,0,5
1492747329297,1511,HTTP Request,Non HTTP response code: java.net.SocketTimeoutException,Non HTTP response message: Read timed out,Thread Group 21-1,text,false,,2690,0,1,141,0,0,4
1492747329294,1514,HTTP Request,Non HTTP response code: java.net.SocketTimeoutException,Non HTTP response message: Read timed out,Thread Group 127-1,text,false,,2690,0,1,141,0,0,7
1492747329295,1513,HTTP Request,Non HTTP response code: java.net.SocketTimeoutException,Non HTTP response message: Read timed out,Thread Group 134-1,text,false,,2690,0,1,141,0,0,6
1492747329296,1507,HTTP Request,Non HTTP response code: java.net.SocketTimeoutException,Non HTTP response message: Read timed out,Thread Group 76-1,text,false,,2690,0,1,141,0,0,5
1492747329327,1503,HTTP Request,Non HTTP response code: java.net.SocketTimeoutException,Non HTTP response message: Read timed out,Thread Group 46-1,text,false,,2690,0,1,141,0,0,1
1492747329655,1502,HTTP Request,Non HTTP response code: java.net.SocketTimeoutException,Non HTTP response message: Read timed out,Thread Group 56-1,text,false,,2690,0,1,141,0,0,0
1492747330068,1518,HTTP Request,Non HTTP response code: java.net.SocketTimeoutException,Non HTTP response message: Read timed out,Thread Group 85-1,text,false,,2690,0,1,141,0,0,16
1492747330069,1517,HTTP Request,Non HTTP response code: java.net.SocketTimeoutException,Non HTTP response message: Read timed out,Thread Group 82-1,text,false,,2690,0,1,141,0,0,15
1492747330069,1518,HTTP Request,Non HTTP response code: java.net.SocketTimeoutException,Non HTTP response message: Read timed out,Thread Group 38-1,text,false,,2690,0,1,141,0,0,15
1492747330071,1516,HTTP Request,Non HTTP response code: java.net.SocketTimeoutException,Non HTTP response message: Read timed out,Thread Group 3-1,text,false,,2690,0,1,141,0,0,13
1492747330070,1517,HTTP Request,Non HTTP response code: java.net.SocketTimeoutException,Non HTTP response message: Read timed out,Thread Group 68-1,text,false,,2690,0,1,141,0,0,14
1492747330069,1519,HTTP Request,Non HTTP response code: java.net.SocketTimeoutException,Non HTTP response message: Read timed out,Thread Group 54-1,text,false,,2690,0,1,141,0,0,15
1492747330070,1518,HTTP Request,Non HTTP response code: java.net.SocketTimeoutException,Non HTTP response message: Read timed out,Thread Group 83-1,text,false,,2690,0,1,141,0,0,14
1492747330071,1517,HTTP Request,Non HTTP response code: java.net.SocketTimeoutException,Non HTTP response message: Read timed out,Thread Group 1-1,text,false,,2690,0,1,141,0,0,14
1492747330071,1517,HTTP Request,Non HTTP response code: java.net.SocketTimeoutException,Non HTTP response message: Read timed out,Thread Group 77-1,text,false,,2690,0,1,141,0,0,14
1492747330072,1517,HTTP Request,Non HTTP response code: java.net.SocketTimeoutException,Non HTTP response message: Read timed out,Thread Group 17-1,text,false,,2690,0,1,141,0,0,13
1492747330072,1517,HTTP Request,Non HTTP response code: java.net.SocketTimeoutException,Non HTTP response message: Read timed out,Thread Group 39-1,text,false,,2690,0,1,141,0,0,13
1492747330070,1519,HTTP Request,Non HTTP response code: java.net.SocketTimeoutException,Non HTTP response message: Read timed out,Thread Group 33-1,text,false,,2690,0,1,141,0,0,15
1492747330071,1519,HTTP Request,Non HTTP response code: java.net.SocketTimeoutException,Non HTTP response message: Read timed out,Thread Group 45-1,text,false,,2690,0,1,141,0,0,14
1492747330084,1506,HTTP Request,Non HTTP response code: java.net.SocketTimeoutException,Non HTTP response message: Read timed out,Thread Group 24-1,text,false,,2690,0,1,141,0,0,1
1492747330072,1518,HTTP Request,Non HTTP response code: java.net.SocketTimeoutException,Non HTTP response message: Read timed out,Thread Group 20-1,text,false,,2690,0,1,141,0,0,12
1492747330091,1501,HTTP Request,Non HTTP response code: java.net.SocketTimeoutException,Non HTTP response message: Read timed out,Thread Group 114-1,text,false,,2690,0,1,141,0,0,0
1492747330091,1501,HTTP Request,Non HTTP response code: java.net.SocketTimeoutException,Non HTTP response message: Read timed out,Thread Group 119-1,text,false,,2690,0,1,141,0,0,0
1492747330090,1502,HTTP Request,Non HTTP response code: java.net.SocketTimeoutException,Non HTTP response message: Read timed out,Thread Group 108-1,text,false,,2690,0,1,141,0,0,1
1492747330099,1502,HTTP Request,Non HTTP response code: java.net.SocketTimeoutException,Non HTTP response message: Read timed out,Thread Group 9-1,text,false,,2690,0,1,141,0,0,1
1492747330099,1503,HTTP Request,Non HTTP response code: java.net.SocketTimeoutException,Non HTTP response message: Read timed out,Thread Group 23-1,text,false,,2690,0,1,141,0,0,0
1492747330099,1503,HTTP Request,Non HTTP response code: java.net.SocketTimeoutException,Non HTTP response message: Read timed out,Thread Group 59-1,text,false,,2690,0,1,141,0,0,1
1492747330110,1502,HTTP Request,Non HTTP response code: java.net.SocketTimeoutException,Non HTTP response message: Read timed out,Thread Group 111-1,text,false,,2690,0,1,141,0,0,1
1492747330111,1501,HTTP Request,Non HTTP response code: java.net.SocketTimeoutException,Non HTTP response message: Read timed out,Thread Group 141-1,text,false,,2690,0,1,141,0,0,0
1492747330111,1502,HTTP Request,Non HTTP response code: java.net.SocketTimeoutException,Non HTTP response message: Read timed out,Thread Group 95-1,text,false,,2690,0,1,141,0,0,1
1492747330109,1505,HTTP Request,Non HTTP response code: java.net.SocketTimeoutException,Non HTTP response message: Read timed out,Thread Group 92-1,text,false,,2690,0,1,141,0,0,3
1492747330110,1504,HTTP Request,Non HTTP response code: java.net.SocketTimeoutException,Non HTTP response message: Read timed out,Thread Group 100-1,text,false,,2690,0,1,141,0,0,2
1492747330110,1504,HTTP Request,Non HTTP response code: java.net.SocketTimeoutException,Non HTTP response message: Read timed out,Thread Group 12-1,text,false,,2690,0,1,141,0,0,2
1492747330110,1504,HTTP Request,Non HTTP response code: java.net.SocketTimeoutException,Non HTTP response message: Read timed out,Thread Group 89-1,text,false,,2690,0,1,141,0,0,2
1492747330109,1506,HTTP Request,Non HTTP response code: java.net.SocketTimeoutException,Non HTTP response message: Read timed out,Thread Group 115-1,text,false,,2690,0,1,141,0,0,3
1492747330109,1506,HTTP Request,Non HTTP response code: java.net.SocketTimeoutException,Non HTTP response message: Read timed out,Thread Group 107-1,text,false,,2690,0,1,141,0,0,3
1492747330109,1507,HTTP Request,Non HTTP response code: java.net.SocketTimeoutException,Non HTTP response message: Read timed out,Thread Group 91-1,text,false,,2690,0,1,141,0,0,3
1492747330108,1508,HTTP Request,Non HTTP response code: java.net.SocketTimeoutException,Non HTTP response message: Read timed out,Thread Group 61-1,text,false,,2690,0,1,141,0,0,4
1492747330108,1508,HTTP Request,Non HTTP response code: java.net.SocketTimeoutException,Non HTTP response message: Read timed out,Thread Group 137-1,text,false,,2690,0,1,141,0,0,4
1492747330111,1505,HTTP Request,Non HTTP response code: java.net.SocketTimeoutException,Non HTTP response message: Read timed out,Thread Group 87-1,text,false,,2690,0,1,141,0,0,1
1492747330116,1502,HTTP Request,Non HTTP response code: java.net.SocketTimeoutException,Non HTTP response message: Read timed out,Thread Group 128-1,text,false,,2690,0,1,141,0,0,0
1492747330116,1503,HTTP Request,Non HTTP response code: java.net.SocketTimeoutException,Non HTTP response message: Read timed out,Thread Group 98-1,text,false,,2690,0,1,141,0,0,1
1492747330116,1503,HTTP Request,Non HTTP response code: java.net.SocketTimeoutException,Non HTTP response message: Read timed out,Thread Group 125-1,text,false,,2690,0,1,141,0,0,1
1492747330118,1502,HTTP Request,Non HTTP response code: java.net.SocketTimeoutException,Non HTTP response message: Read timed out,Thread Group 97-1,text,false,,2690,0,1,141,0,0,0
1492747330117,1503,HTTP Request,Non HTTP response code: java.net.SocketTimeoutException,Non HTTP response message: Read timed out,Thread Group 133-1,text,false,,2690,0,1,141,0,0,1
1492747330118,1502,HTTP Request,Non HTTP response code: java.net.SocketTimeoutException,Non HTTP response message: Read timed out,Thread Group 84-1,text,false,,2690,0,1,141,0,0,0
1492747330118,1503,HTTP Request,Non HTTP response code: java.net.SocketTimeoutException,Non HTTP response message: Read timed out,Thread Group 123-1,text,false,,2690,0,1,141,0,0,0
1492747330130,1502,HTTP Request,Non HTTP response code: java.net.SocketTimeoutException,Non HTTP response message: Read timed out,Thread Group 50-1,text,false,,2690,0,1,141,0,0,1
1492747330131,1501,HTTP Request,Non HTTP response code: java.net.SocketTimeoutException,Non HTTP response message: Read timed out,Thread Group 112-1,text,false,,2690,0,1,141,0,0,0
1492747330130,1502,HTTP Request,Non HTTP response code: java.net.SocketTimeoutException,Non HTTP response message: Read timed out,Thread Group 42-1,text,false,,2690,0,1,141,0,0,1
1492747330161,1502,HTTP Request,Non HTTP response code: java.net.SocketTimeoutException,Non HTTP response message: Read timed out,Thread Group 10-1,text,false,,2690,0,1,141,0,0,0
1492747330161,1503,HTTP Request,Non HTTP response code: java.net.SocketTimeoutException,Non HTTP response message: Read timed out,Thread Group 37-1,text,false,,2690,0,1,141,0,0,1
1492747330202,1502,HTTP Request,Non HTTP response code: java.net.SocketTimeoutException,Non HTTP response message: Read timed out,Thread Group 64-1,text,false,,2690,0,1,141,0,0,0
1492747330201,1503,HTTP Request,Non HTTP response code: java.net.SocketTimeoutException,Non HTTP response message: Read timed out,Thread Group 6-1,text,false,,2690,0,1,141,0,0,1
1492747330201,1504,HTTP Request,Non HTTP response code: java.net.SocketTimeoutException,Non HTTP response message: Read timed out,Thread Group 30-1,text,false,,2690,0,1,141,0,0,1
1492747330200,1505,HTTP Request,Non HTTP response code: java.net.SocketTimeoutException,Non HTTP response message: Read timed out,Thread Group 72-1,text,false,,2690,0,1,141,0,0,2
1492747330201,1504,HTTP Request,Non HTTP response code: java.net.SocketTimeoutException,Non HTTP response message: Read timed out,Thread Group 41-1,text,false,,2690,0,1,141,0,0,1
1492747330208,1504,HTTP Request,Non HTTP response code: java.net.SocketTimeoutException,Non HTTP response message: Read timed out,Thread Group 99-1,text,false,,2690,0,1,141,0,0,2
1492747330209,1503,HTTP Request,Non HTTP response code: java.net.SocketTimeoutException,Non HTTP response message: Read timed out,Thread Group 47-1,text,false,,2690,0,1,141,0,0,1
1492747330207,1505,HTTP Request,Non HTTP response code: java.net.SocketTimeoutException,Non HTTP response message: Read timed out,Thread Group 80-1,text,false,,2690,0,1,141,0,0,3
1492747330209,1504,HTTP Request,Non HTTP response code: java.net.SocketTimeoutException,Non HTTP response message: Read timed out,Thread Group 94-1,text,false,,2690,0,1,141,0,0,1
1492747330207,1506,HTTP Request,Non HTTP response code: java.net.SocketTimeoutException,Non HTTP response message: Read timed out,Thread Group 63-1,text,false,,2690,0,1,141,0,0,3
1492747330209,1504,HTTP Request,Non HTTP response code: java.net.SocketTimeoutException,Non HTTP response message: Read timed out,Thread Group 44-1,text,false,,2690,0,1,141,0,0,1
1492747330210,1503,HTTP Request,Non HTTP response code: java.net.SocketTimeoutException,Non HTTP response message: Read timed out,Thread Group 110-1,text,false,,2690,0,1,141,0,0,0
1492747330206,1508,HTTP Request,Non HTTP response code: java.net.SocketTimeoutException,Non HTTP response message: Read timed out,Thread Group 7-1,text,false,,2690,0,1,141,0,0,4
1492747330208,1503,HTTP Request,Non HTTP response code: java.net.SocketTimeoutException,Non HTTP response message: Read timed out,Thread Group 48-1,text,false,,2690,0,1,141,0,0,2
1492747330243,1502,HTTP Request,Non HTTP response code: java.net.SocketTimeoutException,Non HTTP response message: Read timed out,Thread Group 118-1,text,false,,2690,0,1,141,0,0,0
1492747330351,1502,HTTP Request,Non HTTP response code: java.net.SocketTimeoutException,Non HTTP response message: Read timed out,Thread Group 104-1,text,false,,2690,0,1,141,0,0,0
1492747330389,1502,HTTP Request,Non HTTP response code: java.net.SocketTimeoutException,Non HTTP response message: Read timed out,Thread Group 93-1,text,false,,2690,0,1,141,0,0,0
1492747330389,1502,HTTP Request,Non HTTP response code: java.net.SocketTimeoutException,Non HTTP response message: Read timed out,Thread Group 113-1,text,false,,2690,0,1,141,0,0,0
1492747330388,1504,HTTP Request,Non HTTP response code: java.net.SocketTimeoutException,Non HTTP response message: Read timed out,Thread Group 126-1,text,false,,2690,0,1,141,0,0,1
1492747330392,1502,HTTP Request,Non HTTP response code: java.net.SocketTimeoutException,Non HTTP response message: Read timed out,Thread Group 135-1,text,false,,2690,0,1,141,0,0,0
1492747330391,1503,HTTP Request,Non HTTP response code: java.net.SocketTimeoutException,Non HTTP response message: Read timed out,Thread Group 136-1,text,false,,2690,0,1,141,0,0,2
1492747330392,1503,HTTP Request,Non HTTP response code: java.net.SocketTimeoutException,Non HTTP response message: Read timed out,Thread Group 117-1,text,false,,2690,0,1,141,0,0,1
1492747330392,1503,HTTP Request,Non HTTP response code: java.net.SocketTimeoutException,Non HTTP response message: Read timed out,Thread Group 29-1,text,false,,2690,0,1,141,0,0,1
1492747330391,1504,HTTP Request,Non HTTP response code: java.net.SocketTimeoutException,Non HTTP response message: Read timed out,Thread Group 121-1,text,false,,2690,0,1,141,0,0,2
1492747330415,1505,HTTP Request,Non HTTP response code: java.net.SocketTimeoutException,Non HTTP response message: Read timed out,Thread Group 79-1,text,false,,2690,0,1,141,0,0,3
1492747330417,1503,HTTP Request,Non HTTP response code: java.net.SocketTimeoutException,Non HTTP response message: Read timed out,Thread Group 32-1,text,false,,2690,0,1,141,0,0,1
1492747330416,1504,HTTP Request,Non HTTP response code: java.net.SocketTimeoutException,Non HTTP response message: Read timed out,Thread Group 31-1,text,false,,2690,0,1,141,0,0,2
1492747330415,1506,HTTP Request,Non HTTP response code: java.net.SocketTimeoutException,Non HTTP response message: Read timed out,Thread Group 140-1,text,false,,2690,0,1,141,0,0,3
1492747330413,1508,HTTP Request,Non HTTP response code: java.net.SocketTimeoutException,Non HTTP response message: Read timed out,Thread Group 4-1,text,false,,2690,0,1,141,0,0,5
1492747330415,1506,HTTP Request,Non HTTP response code: java.net.SocketTimeoutException,Non HTTP response message: Read timed out,Thread Group 78-1,text,false,,2690,0,1,141,0,0,3
1492747330414,1508,HTTP Request,Non HTTP response code: java.net.SocketTimeoutException,Non HTTP response message: Read timed out,Thread Group 43-1,text,false,,2690,0,1,141,0,0,4
1492747330413,1509,HTTP Request,Non HTTP response code: java.net.SocketTimeoutException,Non HTTP response message: Read timed out,Thread Group 73-1,text,false,,2690,0,1,141,0,0,5
1492747330417,1505,HTTP Request,Non HTTP response code: java.net.SocketTimeoutException,Non HTTP response message: Read timed out,Thread Group 132-1,text,false,,2690,0,1,141,0,0,1
1492747330415,1507,HTTP Request,Non HTTP response code: java.net.SocketTimeoutException,Non HTTP response message: Read timed out,Thread Group 86-1,text,false,,2690,0,1,141,0,0,3
1492747330413,1510,HTTP Request,Non HTTP response code: java.net.SocketTimeoutException,Non HTTP response message: Read timed out,Thread Group 16-1,text,false,,2690,0,1,141,0,0,5
1492747330416,1507,HTTP Request,Non HTTP response code: java.net.SocketTimeoutException,Non HTTP response message: Read timed out,Thread Group 28-1,text,false,,2690,0,1,141,0,0,2
1492747330417,1506,HTTP Request,Non HTTP response code: java.net.SocketTimeoutException,Non HTTP response message: Read timed out,Thread Group 22-1,text,false,,2690,0,1,141,0,0,1
1492747330414,1510,HTTP Request,Non HTTP response code: java.net.SocketTimeoutException,Non HTTP response message: Read timed out,Thread Group 102-1,text,false,,2690,0,1,141,0,0,4
1492747330409,1515,HTTP Request,Non HTTP response code: java.net.SocketTimeoutException,Non HTTP response message: Read timed out,Thread Group 8-1,text,false,,2690,0,1,141,0,0,10
1492747330411,1513,HTTP Request,Non HTTP response code: java.net.SocketTimeoutException,Non HTTP response message: Read timed out,Thread Group 40-1,text,false,,2690,0,1,141,0,0,8
1492747330410,1515,HTTP Request,Non HTTP response code: java.net.SocketTimeoutException,Non HTTP response message: Read timed out,Thread Group 25-1,text,false,,2690,0,1,141,0,0,9
1492747330414,1511,HTTP Request,Non HTTP response code: java.net.SocketTimeoutException,Non HTTP response message: Read timed out,Thread Group 129-1,text,false,,2690,0,1,141,0,0,5
1492747330411,1514,HTTP Request,Non HTTP response code: java.net.SocketTimeoutException,Non HTTP response message: Read timed out,Thread Group 13-1,text,false,,2690,0,1,141,0,0,8
1492747330412,1513,HTTP Request,Non HTTP response code: java.net.SocketTimeoutException,Non HTTP response message: Read timed out,Thread Group 49-1,text,false,,2690,0,1,141,0,0,7
1492747330411,1515,HTTP Request,Non HTTP response code: java.net.SocketTimeoutException,Non HTTP response message: Read timed out,Thread Group 26-1,text,false,,2690,0,1,141,0,0,8
1492747330410,1516,HTTP Request,Non HTTP response code: java.net.SocketTimeoutException,Non HTTP response message: Read timed out,Thread Group 106-1,text,false,,2690,0,1,141,0,0,9
1492747330416,1510,HTTP Request,Non HTTP response code: java.net.SocketTimeoutException,Non HTTP response message: Read timed out,Thread Group 122-1,text,false,,2690,0,1,141,0,0,3
1492747330411,1515,HTTP Request,Non HTTP response code: java.net.SocketTimeoutException,Non HTTP response message: Read timed out,Thread Group 14-1,text,false,,2690,0,1,141,0,0,8
1492747330412,1515,HTTP Request,Non HTTP response code: java.net.SocketTimeoutException,Non HTTP response message: Read timed out,Thread Group 19-1,text,false,,2690,0,1,141,0,0,7
1492747330412,1515,HTTP Request,Non HTTP response code: java.net.SocketTimeoutException,Non HTTP response message: Read timed out,Thread Group 109-1,text,false,,2690,0,1,141,0,0,6
1492747330417,1502,HTTP Request,Non HTTP response code: java.net.SocketTimeoutException,Non HTTP response message: Read timed out,Thread Group 71-1,text,false,,2690,0,1,141,0,0,1
1492747330447,1501,HTTP Request,Non HTTP response code: java.net.SocketTimeoutException,Non HTTP response message: Read timed out,Thread Group 101-1,text,false,,2690,0,1,141,0,0,0
1492747330534,1502,HTTP Request,Non HTTP response code: java.net.SocketTimeoutException,Non HTTP response message: Read timed out,Thread Group 74-1,text,false,,2690,0,1,141,0,0,1
1492747330571,1501,HTTP Request,Non HTTP response code: java.net.SocketTimeoutException,Non HTTP response message: Read timed out,Thread Group 103-1,text,false,,2690,0,1,141,0,0,0
1492747330656,1503,HTTP Request,Non HTTP response code: java.net.SocketTimeoutException,Non HTTP response message: Read timed out,Thread Group 69-1,text,false,,2690,0,1,141,0,0,1
1492747330657,1502,HTTP Request,Non HTTP response code: java.net.SocketTimeoutException,Non HTTP response message: Read timed out,Thread Group 2-1,text,false,,2690,0,1,141,0,0,0
1492747330656,1504,HTTP Request,Non HTTP response code: java.net.SocketTimeoutException,Non HTTP response message: Read timed out,Thread Group 57-1,text,false,,2690,0,1,141,0,0,1
1492747330696,1502,HTTP Request,Non HTTP response code: java.net.SocketTimeoutException,Non HTTP response message: Read timed out,Thread Group 62-1,text,false,,2690,0,1,141,0,0,0
1492747330696,1503,HTTP Request,Non HTTP response code: java.net.SocketTimeoutException,Non HTTP response message: Read timed out,Thread Group 65-1,text,false,,2690,0,1,141,0,0,0
1492747330752,1502,HTTP Request,Non HTTP response code: java.net.SocketTimeoutException,Non HTTP response message: Read timed out,Thread Group 116-1,text,false,,2690,0,1,141,0,0,0
1492747330771,1503,HTTP Request,Non HTTP response code: java.net.SocketTimeoutException,Non HTTP response message: Read timed out,Thread Group 18-1,text,false,,2690,0,1,141,0,0,1
1492747330772,1502,HTTP Request,Non HTTP response code: java.net.SocketTimeoutException,Non HTTP response message: Read timed out,Thread Group 15-1,text,false,,2690,0,1,141,0,0,0
1492747330771,1503,HTTP Request,Non HTTP response code: java.net.SocketTimeoutException,Non HTTP response message: Read timed out,Thread Group 130-1,text,false,,2690,0,1,141,0,0,1
1492747330770,1505,HTTP Request,Non HTTP response code: java.net.SocketTimeoutException,Non HTTP response message: Read timed out,Thread Group 52-1,text,false,,2690,0,1,141,0,0,2
1492747330778,1502,HTTP Request,Non HTTP response code: java.net.SocketTimeoutException,Non HTTP response message: Read timed out,Thread Group 11-1,text,false,,2690,0,1,141,0,0,1
1492747330779,1501,HTTP Request,Non HTTP response code: java.net.SocketTimeoutException,Non HTTP response message: Read timed out,Thread Group 35-1,text,false,,2690,0,1,141,0,0,0
1492747330778,1502,HTTP Request,Non HTTP response code: java.net.SocketTimeoutException,Non HTTP response message: Read timed out,Thread Group 105-1,text,false,,2690,0,1,141,0,0,1
1492747330777,1504,HTTP Request,Non HTTP response code: java.net.SocketTimeoutException,Non HTTP response message: Read timed out,Thread Group 88-1,text,false,,2690,0,1,141,0,0,2
1492747330777,1504,HTTP Request,Non HTTP response code: java.net.SocketTimeoutException,Non HTTP response message: Read timed out,Thread Group 55-1,text,false,,2690,0,1,141,0,0,2
1492747330778,1503,HTTP Request,Non HTTP response code: java.net.SocketTimeoutException,Non HTTP response message: Read timed out,Thread Group 138-1,text,false,,2690,0,1,141,0,0,1
1492747330777,1504,HTTP Request,Non HTTP response code: java.net.SocketTimeoutException,Non HTTP response message: Read timed out,Thread Group 75-1,text,false,,2690,0,1,141,0,0,2
1492747330776,1506,HTTP Request,Non HTTP response code: java.net.SocketTimeoutException,Non HTTP response message: Read timed out,Thread Group 27-1,text,false,,2690,0,1,141,0,0,3
1492747330776,1506,HTTP Request,Non HTTP response code: java.net.SocketTimeoutException,Non HTTP response message: Read timed out,Thread Group 96-1,text,false,,2690,0,1,141,0,0,3
1492747330807,1504,HTTP Request,Non HTTP response code: java.net.SocketTimeoutException,Non HTTP response message: Read timed out,Thread Group 34-1,text,false,,2690,0,1,141,0,0,2
1492747330806,1505,HTTP Request,Non HTTP response code: java.net.SocketTimeoutException,Non HTTP response message: Read timed out,Thread Group 70-1,text,false,,2690,0,1,141,0,0,3
1492747330806,1506,HTTP Request,Non HTTP response code: java.net.SocketTimeoutException,Non HTTP response message: Read timed out,Thread Group 139-1,text,false,,2690,0,1,141,0,0,3
1492747330803,1509,HTTP Request,Non HTTP response code: java.net.SocketTimeoutException,Non HTTP response message: Read timed out,Thread Group 60-1,text,false,,2690,0,1,141,0,0,6
1492747330803,1509,HTTP Request,Non HTTP response code: java.net.SocketTimeoutException,Non HTTP response message: Read timed out,Thread Group 51-1,text,false,,2690,0,1,141,0,0,6
1492747330807,1505,HTTP Request,Non HTTP response code: java.net.SocketTimeoutException,Non HTTP response message: Read timed out,Thread Group 36-1,text,false,,2690,0,1,141,0,0,2
1492747330804,1509,HTTP Request,Non HTTP response code: java.net.SocketTimeoutException,Non HTTP response message: Read timed out,Thread Group 120-1,text,false,,2690,0,1,141,0,0,5
1492747330804,1509,HTTP Request,Non HTTP response code: java.net.SocketTimeoutException,Non HTTP response message: Read timed out,Thread Group 124-1,text,false,,2690,0,1,141,0,0,5
1492747330804,1509,HTTP Request,Non HTTP response code: java.net.SocketTimeoutException,Non HTTP response message: Read timed out,Thread Group 53-1,text,false,,2690,0,1,141,0,0,5
1492747330808,1505,HTTP Request,Non HTTP response code: java.net.SocketTimeoutException,Non HTTP response message: Read timed out,Thread Group 21-1,text,false,,2690,0,1,141,0,0,2
1492747330806,1508,HTTP Request,Non HTTP response code: java.net.SocketTimeoutException,Non HTTP response message: Read timed out,Thread Group 81-1,text,false,,2690,0,1,141,0,0,4
1492747330805,1509,HTTP Request,Non HTTP response code: java.net.SocketTimeoutException,Non HTTP response message: Read timed out,Thread Group 90-1,text,false,,2690,0,1,141,0,0,5
1492747330805,1509,HTTP Request,Non HTTP response code: java.net.SocketTimeoutException,Non HTTP response message: Read timed out,Thread Group 58-1,text,false,,2690,0,1,141,0,0,5
1492747330808,1507,HTTP Request,Non HTTP response code: java.net.SocketTimeoutException,Non HTTP response message: Read timed out,Thread Group 127-1,text,false,,2690,0,1,141,0,0,2
1492747330807,1508,HTTP Request,Non HTTP response code: java.net.SocketTimeoutException,Non HTTP response message: Read timed out,Thread Group 131-1,text,false,,2690,0,1,141,0,0,3
1492747330805,1510,HTTP Request,Non HTTP response code: java.net.SocketTimeoutException,Non HTTP response message: Read timed out,Thread Group 66-1,text,false,,2690,0,1,141,0,0,5
1492747330803,1512,HTTP Request,Non HTTP response code: java.net.SocketTimeoutException,Non HTTP response message: Read timed out,Thread Group 5-1,text,false,,2690,0,1,141,0,0,7
1492747330808,1508,HTTP Request,Non HTTP response code: java.net.SocketTimeoutException,Non HTTP response message: Read timed out,Thread Group 134-1,text,false,,2690,0,1,141,0,0,2
1492747330809,1507,HTTP Request,Non HTTP response code: java.net.SocketTimeoutException,Non HTTP response message: Read timed out,Thread Group 76-1,text,false,,2690,0,1,141,0,0,1
1492747330802,1514,HTTP Request,Non HTTP response code: java.net.SocketTimeoutException,Non HTTP response message: Read timed out,Thread Group 67-1,text,false,,2690,0,1,141,0,0,8
1492747330830,1502,HTTP Request,Non HTTP response code: java.net.SocketTimeoutException,Non HTTP response message: Read timed out,Thread Group 46-1,text,false,,2690,0,1,141,0,0,0
1492747331157,1502,HTTP Request,Non HTTP response code: java.net.SocketTimeoutException,Non HTTP response message: Read timed out,Thread Group 56-1,text,false,,2690,0,1,141,0,0,1
1492747331589,1503,HTTP Request,Non HTTP response code: java.net.SocketTimeoutException,Non HTTP response message: Read timed out,Thread Group 77-1,text,false,,2690,0,1,141,0,0,1
1492747331590,1503,HTTP Request,Non HTTP response code: java.net.SocketTimeoutException,Non HTTP response message: Read timed out,Thread Group 24-1,text,false,,2690,0,1,141,0,0,1
1492747331588,1505,HTTP Request,Non HTTP response code: java.net.SocketTimeoutException,Non HTTP response message: Read timed out,Thread Group 83-1,text,false,,2690,0,1,141,0,0,3
1492747331588,1505,HTTP Request,Non HTTP response code: java.net.SocketTimeoutException,Non HTTP response message: Read timed out,Thread Group 1-1,text,false,,2690,0,1,141,0,0,3
1492747331587,1507,HTTP Request,Non HTTP response code: java.net.SocketTimeoutException,Non HTTP response message: Read timed out,Thread Group 3-1,text,false,,2690,0,1,141,0,0,4
1492747331587,1507,HTTP Request,Non HTTP response code: java.net.SocketTimeoutException,Non HTTP response message: Read timed out,Thread Group 68-1,text,false,,2690,0,1,141,0,0,4
1492747331588,1506,HTTP Request,Non HTTP response code: java.net.SocketTimeoutException,Non HTTP response message: Read timed out,Thread Group 54-1,text,false,,2690,0,1,141,0,0,3
1492747331590,1504,HTTP Request,Non HTTP response code: java.net.SocketTimeoutException,Non HTTP response message: Read timed out,Thread Group 45-1,text,false,,2690,0,1,141,0,0,1
1492747331587,1508,HTTP Request,Non HTTP response code: java.net.SocketTimeoutException,Non HTTP response message: Read timed out,Thread Group 38-1,text,false,,2690,0,1,141,0,0,4
1492747331587,1508,HTTP Request,Non HTTP response code: java.net.SocketTimeoutException,Non HTTP response message: Read timed out,Thread Group 82-1,text,false,,2690,0,1,141,0,0,4
1492747331589,1506,HTTP Request,Non HTTP response code: java.net.SocketTimeoutException,Non HTTP response message: Read timed out,Thread Group 17-1,text,false,,2690,0,1,141,0,0,2
1492747331589,1507,HTTP Request,Non HTTP response code: java.net.SocketTimeoutException,Non HTTP response message: Read timed out,Thread Group 39-1,text,false,,2690,0,1,141,0,0,2
1492747331590,1506,HTTP Request,Non HTTP response code: java.net.SocketTimeoutException,Non HTTP response message: Read timed out,Thread Group 33-1,text,false,,2690,0,1,141,0,0,1
1492747331586,1510,HTTP Request,Non HTTP response code: java.net.SocketTimeoutException,Non HTTP response message: Read timed out,Thread Group 85-1,text,false,,2690,0,1,141,0,0,5
1492747331590,1506,HTTP Request,Non HTTP response code: java.net.SocketTimeoutException,Non HTTP response message: Read timed out,Thread Group 20-1,text,false,,2690,0,1,141,0,0,1
1492747331592,1510,HTTP Request,Non HTTP response code: java.net.SocketTimeoutException,Non HTTP response message: Read timed out,Thread Group 108-1,text,false,,2690,0,1,141,0,0,9
1492747331592,1511,HTTP Request,Non HTTP response code: java.net.SocketTimeoutException,Non HTTP response message: Read timed out,Thread Group 119-1,text,false,,2690,0,1,141,0,0,9
1492747331592,1511,HTTP Request,Non HTTP response code: java.net.SocketTimeoutException,Non HTTP response message: Read timed out,Thread Group 114-1,text,false,,2690,0,1,141,0,0,9
1492747331602,1502,HTTP Request,Non HTTP response code: java.net.SocketTimeoutException,Non HTTP response message: Read timed out,Thread Group 23-1,text,false,,2690,0,1,141,0,0,1
1492747331603,1501,HTTP Request,Non HTTP response code: java.net.SocketTimeoutException,Non HTTP response message: Read timed out,Thread Group 59-1,text,false,,2690,0,1,141,0,0,0
1492747331602,1502,HTTP Request,Non HTTP response code: java.net.SocketTimeoutException,Non HTTP response message: Read timed out,Thread Group 9-1,text,false,,2690,0,1,141,0,0,1
1492747331612,1502,HTTP Request,Non HTTP response code: java.net.SocketTimeoutException,Non HTTP response message: Read timed out,Thread Group 111-1,text,false,,2690,0,1,141,0,0,0
1492747331612,1502,HTTP Request,Non HTTP response code: java.net.SocketTimeoutException,Non HTTP response message: Read timed out,Thread Group 141-1,text,false,,2690,0,1,141,0,0,1
1492747331620,1507,HTTP Request,Non HTTP response code: java.net.SocketTimeoutException,Non HTTP response message: Read timed out,Thread Group 84-1,text,false,,2690,0,1,141,0,0,1
1492747331620,1508,HTTP Request,Non HTTP response code: java.net.SocketTimeoutException,Non HTTP response message: Read timed out,Thread Group 133-1,text,false,,2690,0,1,141,0,0,1
1492747331620,1508,HTTP Request,Non HTTP response code: java.net.SocketTimeoutException,Non HTTP response message: Read timed out,Thread Group 97-1,text,false,,2690,0,1,141,0,0,1
1492747331619,1509,HTTP Request,Non HTTP response code: java.net.SocketTimeoutException,Non HTTP response message: Read timed out,Thread Group 125-1,text,false,,2690,0,1,141,0,0,0
1492747331618,1511,HTTP Request,Non HTTP response code: java.net.SocketTimeoutException,Non HTTP response message: Read timed out,Thread Group 128-1,text,false,,2690,0,1,141,0,0,1
1492747331619,1510,HTTP Request,Non HTTP response code: java.net.SocketTimeoutException,Non HTTP response message: Read timed out,Thread Group 98-1,text,false,,2690,0,1,141,0,0,0
1492747331621,1506,HTTP Request,Non HTTP response code: java.net.SocketTimeoutException,Non HTTP response message: Read timed out,Thread Group 123-1,text,false,,2690,0,1,141,0,0,0
1492747331614,1504,HTTP Request,Non HTTP response code: java.net.SocketTimeoutException,Non HTTP response message: Read timed out,Thread Group 92-1,text,false,,2690,0,1,141,0,0,3
1492747331613,1506,HTTP Request,Non HTTP response code: java.net.SocketTimeoutException,Non HTTP response message: Read timed out,Thread Group 95-1,text,false,,2690,0,1,141,0,0,4
1492747331614,1505,HTTP Request,Non HTTP response code: java.net.SocketTimeoutException,Non HTTP response message: Read timed out,Thread Group 12-1,text,false,,2690,0,1,141,0,0,3
1492747331615,1504,HTTP Request,Non HTTP response code: java.net.SocketTimeoutException,Non HTTP response message: Read timed out,Thread Group 89-1,text,false,,2690,0,1,141,0,0,2
1492747331615,1504,HTTP Request,Non HTTP response code: java.net.SocketTimeoutException,Non HTTP response message: Read timed out,Thread Group 107-1,text,false,,2690,0,1,141,0,0,2
1492747331616,1503,HTTP Request,Non HTTP response code: java.net.SocketTimeoutException,Non HTTP response message: Read timed out,Thread Group 91-1,text,false,,2690,0,1,141,0,0,1
1492747331615,1504,HTTP Request,Non HTTP response code: java.net.SocketTimeoutException,Non HTTP response message: Read timed out,Thread Group 115-1,text,false,,2690,0,1,141,0,0,2
1492747331617,1502,HTTP Request,Non HTTP response code: java.net.SocketTimeoutException,Non HTTP response message: Read timed out,Thread Group 87-1,text,false,,2690,0,1,141,0,0,0
1492747331614,1505,HTTP Request,Non HTTP response code: java.net.SocketTimeoutException,Non HTTP response message: Read timed out,Thread Group 100-1,text,false,,2690,0,1,141,0,0,3
1492747331616,1503,HTTP Request,Non HTTP response code: java.net.SocketTimeoutException,Non HTTP response message: Read timed out,Thread Group 137-1,text,false,,2690,0,1,141,0,0,1
1492747331616,1503,HTTP Request,Non HTTP response code: java.net.SocketTimeoutException,Non HTTP response message: Read timed out,Thread Group 61-1,text,false,,2690,0,1,141,0,0,1
1492747331632,1502,HTTP Request,Non HTTP response code: java.net.SocketTimeoutException,Non HTTP response message: Read timed out,Thread Group 112-1,text,false,,2690,0,1,141,0,0,1
1492747331633,1502,HTTP Request,Non HTTP response code: java.net.SocketTimeoutException,Non HTTP response message: Read timed out,Thread Group 42-1,text,false,,2690,0,1,141,0,0,0
1492747331632,1503,HTTP Request,Non HTTP response code: java.net.SocketTimeoutException,Non HTTP response message: Read timed out,Thread Group 50-1,text,false,,2690,0,1,141,0,0,1
1492747331664,1502,HTTP Request,Non HTTP response code: java.net.SocketTimeoutException,Non HTTP response message: Read timed out,Thread Group 37-1,text,false,,2690,0,1,141,0,0,0
1492747331664,1502,HTTP Request,Non HTTP response code: java.net.SocketTimeoutException,Non HTTP response message: Read timed out,Thread Group 10-1,text,false,,2690,0,1,141,0,0,0
1492747331705,1503,HTTP Request,Non HTTP response code: java.net.SocketTimeoutException,Non HTTP response message: Read timed out,Thread Group 72-1,text,false,,2690,0,1,141,0,0,1
1492747331704,1504,HTTP Request,Non HTTP response code: java.net.SocketTimeoutException,Non HTTP response message: Read timed out,Thread Group 6-1,text,false,,2690,0,1,141,0,0,2
1492747331705,1503,HTTP Request,Non HTTP response code: java.net.SocketTimeoutException,Non HTTP response message: Read timed out,Thread Group 41-1,text,false,,2690,0,1,141,0,0,1
1492747331704,1505,HTTP Request,Non HTTP response code: java.net.SocketTimeoutException,Non HTTP response message: Read timed out,Thread Group 64-1,text,false,,2690,0,1,141,0,0,2
1492747331705,1502,HTTP Request,Non HTTP response code: java.net.SocketTimeoutException,Non HTTP response message: Read timed out,Thread Group 30-1,text,false,,2690,0,1,141,0,0,0
1492747331714,1502,HTTP Request,Non HTTP response code: java.net.SocketTimeoutException,Non HTTP response message: Read timed out,Thread Group 7-1,text,false,,2690,0,1,141,0,0,0
1492747331713,1503,HTTP Request,Non HTTP response code: java.net.SocketTimeoutException,Non HTTP response message: Read timed out,Thread Group 63-1,text,false,,2690,0,1,141,0,0,1
1492747331714,1502,HTTP Request,Non HTTP response code: java.net.SocketTimeoutException,Non HTTP response message: Read timed out,Thread Group 110-1,text,false,,2690,0,1,141,0,0,0
1492747331713,1504,HTTP Request,Non HTTP response code: java.net.SocketTimeoutException,Non HTTP response message: Read timed out,Thread Group 44-1,text,false,,2690,0,1,141,0,0,1
1492747331712,1505,HTTP Request,Non HTTP response code: java.net.SocketTimeoutException,Non HTTP response message: Read timed out,Thread Group 47-1,text,false,,2690,0,1,141,0,0,2
1492747331712,1505,HTTP Request,Non HTTP response code: java.net.SocketTimeoutException,Non HTTP response message: Read timed out,Thread Group 80-1,text,false,,2690,0,1,141,0,0,2
1492747331713,1505,HTTP Request,Non HTTP response code: java.net.SocketTimeoutException,Non HTTP response message: Read timed out,Thread Group 94-1,text,false,,2690,0,1,141,0,0,1
1492747331714,1504,HTTP Request,Non HTTP response code: java.net.SocketTimeoutException,Non HTTP response message: Read timed out,Thread Group 48-1,text,false,,2690,0,1,141,0,0,0
1492747331712,1506,HTTP Request,Non HTTP response code: java.net.SocketTimeoutException,Non HTTP response message: Read timed out,Thread Group 99-1,text,false,,2690,0,1,141,0,0,2
1492747331746,1502,HTTP Request,Non HTTP response code: java.net.SocketTimeoutException,Non HTTP response message: Read timed out,Thread Group 118-1,text,false,,2690,0,1,141,0,0,0
1492747331854,1502,HTTP Request,Non HTTP response code: java.net.SocketTimeoutException,Non HTTP response message: Read timed out,Thread Group 104-1,text,false,,2690,0,1,141,0,0,0
1492747331891,1503,HTTP Request,Non HTTP response code: java.net.SocketTimeoutException,Non HTTP response message: Read timed out,Thread Group 93-1,text,false,,2690,0,1,141,0,0,1
1492747331892,1502,HTTP Request,Non HTTP response code: java.net.SocketTimeoutException,Non HTTP response message: Read timed out,Thread Group 126-1,text,false,,2690,0,1,141,0,0,0
1492747331892,1503,HTTP Request,Non HTTP response code: java.net.SocketTimeoutException,Non HTTP response message: Read timed out,Thread Group 113-1,text,false,,2690,0,1,141,0,0,0
1492747331895,1502,HTTP Request,Non HTTP response code: java.net.SocketTimeoutException,Non HTTP response message: Read timed out,Thread Group 117-1,text,false,,2690,0,1,141,0,0,1
1492747331895,1503,HTTP Request,Non HTTP response code: java.net.SocketTimeoutException,Non HTTP response message: Read timed out,Thread Group 121-1,text,false,,2690,0,1,141,0,0,1
1492747331894,1504,HTTP Request,Non HTTP response code: java.net.SocketTimeoutException,Non HTTP response message: Read timed out,Thread Group 135-1,text,false,,2690,0,1,141,0,0,2
1492747331895,1503,HTTP Request,Non HTTP response code: java.net.SocketTimeoutException,Non HTTP response message: Read timed out,Thread Group 136-1,text,false,,2690,0,1,141,0,0,1
1492747331895,1503,HTTP Request,Non HTTP response code: java.net.SocketTimeoutException,Non HTTP response message: Read timed out,Thread Group 29-1,text,false,,2690,0,1,141,0,0,0
1492747331923,1506,HTTP Request,Non HTTP response code: java.net.SocketTimeoutException,Non HTTP response message: Read timed out,Thread Group 16-1,text,false,,2690,0,1,141,0,0,4
1492747331927,1503,HTTP Request,Non HTTP response code: java.net.SocketTimeoutException,Non HTTP response message: Read timed out,Thread Group 109-1,text,false,,2690,0,1,141,0,0,0
1492747331923,1507,HTTP Request,Non HTTP response code: java.net.SocketTimeoutException,Non HTTP response message: Read timed out,Thread Group 28-1,text,false,,2690,0,1,141,0,0,4
1492747331922,1508,HTTP Request,Non HTTP response code: java.net.SocketTimeoutException,Non HTTP response message: Read timed out,Thread Group 132-1,text,false,,2690,0,1,141,0,0,5
1492747331925,1506,HTTP Request,Non HTTP response code: java.net.SocketTimeoutException,Non HTTP response message: Read timed out,Thread Group 129-1,text,false,,2690,0,1,141,0,0,3
1492747331923,1508,HTTP Request,Non HTTP response code: java.net.SocketTimeoutException,Non HTTP response message: Read timed out,Thread Group 22-1,text,false,,2690,0,1,141,0,0,5
1492747331925,1506,HTTP Request,Non HTTP response code: java.net.SocketTimeoutException,Non HTTP response message: Read timed out,Thread Group 13-1,text,false,,2690,0,1,141,0,0,3
1492747331927,1505,HTTP Request,Non HTTP response code: java.net.SocketTimeoutException,Non HTTP response message: Read timed out,Thread Group 19-1,text,false,,2690,0,1,141,0,0,1
1492747331922,1510,HTTP Request,Non HTTP response code: java.net.SocketTimeoutException,Non HTTP response message: Read timed out,Thread Group 43-1,text,false,,2690,0,1,141,0,0,6
1492747331926,1506,HTTP Request,Non HTTP response code: java.net.SocketTimeoutException,Non HTTP response message: Read timed out,Thread Group 122-1,text,false,,2690,0,1,141,0,0,2
1492747331926,1506,HTTP Request,Non HTTP response code: java.net.SocketTimeoutException,Non HTTP response message: Read timed out,Thread Group 49-1,text,false,,2690,0,1,141,0,0,2
1492747331921,1512,HTTP Request,Non HTTP response code: java.net.SocketTimeoutException,Non HTTP response message: Read timed out,Thread Group 4-1,text,false,,2690,0,1,141,0,0,7
1492747331927,1506,HTTP Request,Non HTTP response code: java.net.SocketTimeoutException,Non HTTP response message: Read timed out,Thread Group 14-1,text,false,,2690,0,1,141,0,0,1
1492747331925,1508,HTTP Request,Non HTTP response code: java.net.SocketTimeoutException,Non HTTP response message: Read timed out,Thread Group 40-1,text,false,,2690,0,1,141,0,0,3
1492747331920,1514,HTTP Request,Non HTTP response code: java.net.SocketTimeoutException,Non HTTP response message: Read timed out,Thread Group 31-1,text,false,,2690,0,1,141,0,0,8
1492747331924,1510,HTTP Request,Non HTTP response code: java.net.SocketTimeoutException,Non HTTP response message: Read timed out,Thread Group 102-1,text,false,,2690,0,1,141,0,0,4
1492747331920,1514,HTTP Request,Non HTTP response code: java.net.SocketTimeoutException,Non HTTP response message: Read timed out,Thread Group 32-1,text,false,,2690,0,1,141,0,0,8
1492747331922,1512,HTTP Request,Non HTTP response code: java.net.SocketTimeoutException,Non HTTP response message: Read timed out,Thread Group 73-1,text,false,,2690,0,1,141,0,0,6
1492747331926,1509,HTTP Request,Non HTTP response code: java.net.SocketTimeoutException,Non HTTP response message: Read timed out,Thread Group 106-1,text,false,,2690,0,1,141,0,0,2
1492747331926,1509,HTTP Request,Non HTTP response code: java.net.SocketTimeoutException,Non HTTP response message: Read timed out,Thread Group 26-1,text,false,,2690,0,1,141,0,0,1
1492747331924,1511,HTTP Request,Non HTTP response code: java.net.SocketTimeoutException,Non HTTP response message: Read timed out,Thread Group 8-1,text,false,,2690,0,1,141,0,0,4
1492747331921,1515,HTTP Request,Non HTTP response code: java.net.SocketTimeoutException,Non HTTP response message: Read timed out,Thread Group 78-1,text,false,,2690,0,1,141,0,0,7
1492747331925,1511,HTTP Request,Non HTTP response code: java.net.SocketTimeoutException,Non HTTP response message: Read timed out,Thread Group 25-1,text,false,,2690,0,1,141,0,0,3
1492747331923,1513,HTTP Request,Non HTTP response code: java.net.SocketTimeoutException,Non HTTP response message: Read timed out,Thread Group 86-1,text,false,,2690,0,1,141,0,0,6
1492747331921,1515,HTTP Request,Non HTTP response code: java.net.SocketTimeoutException,Non HTTP response message: Read timed out,Thread Group 140-1,text,false,,2690,0,1,141,0,0,8
1492747331920,1517,HTTP Request,Non HTTP response code: java.net.SocketTimeoutException,Non HTTP response message: Read timed out,Thread Group 79-1,text,false,,2690,0,1,141,0,0,9
1492747331928,1509,HTTP Request,Non HTTP response code: java.net.SocketTimeoutException,Non HTTP response message: Read timed out,Thread Group 71-1,text,false,,2690,0,1,141,0,0,1
1492747331948,1502,HTTP Request,Non HTTP response code: java.net.SocketTimeoutException,Non HTTP response message: Read timed out,Thread Group 101-1,text,false,,2690,0,1,141,0,0,0
1492747332037,1501,HTTP Request,Non HTTP response code: java.net.SocketTimeoutException,Non HTTP response message: Read timed out,Thread Group 74-1,text,false,,2690,0,1,141,0,0,0
1492747332072,1502,HTTP Request,Non HTTP response code: java.net.SocketTimeoutException,Non HTTP response message: Read timed out,Thread Group 103-1,text,false,,2690,0,1,141,0,0,0
1492747332159,1503,HTTP Request,Non HTTP response code: java.net.SocketTimeoutException,Non HTTP response message: Read timed out,Thread Group 69-1,text,false,,2690,0,1,141,0,0,1
1492747332160,1502,HTTP Request,Non HTTP response code: java.net.SocketTimeoutException,Non HTTP response message: Read timed out,Thread Group 57-1,text,false,,2690,0,1,141,0,0,0
1492747332159,1504,HTTP Request,Non HTTP response code: java.net.SocketTimeoutException,Non HTTP response message: Read timed out,Thread Group 2-1,text,false,,2690,0,1,141,0,0,1
1492747332198,1503,HTTP Request,Non HTTP response code: java.net.SocketTimeoutException,Non HTTP response message: Read timed out,Thread Group 62-1,text,false,,2690,0,1,141,0,0,1
1492747332199,1503,HTTP Request,Non HTTP response code: java.net.SocketTimeoutException,Non HTTP response message: Read timed out,Thread Group 65-1,text,false,,2690,0,1,141,0,0,0
1492747332255,1502,HTTP Request,Non HTTP response code: java.net.SocketTimeoutException,Non HTTP response message: Read timed out,Thread Group 116-1,text,false,,2690,0,1,141,0,0,0
1492747332275,1501,HTTP Request,Non HTTP response code: java.net.SocketTimeoutException,Non HTTP response message: Read timed out,Thread Group 130-1,text,false,,2690,0,1,141,0,0,0
1492747332275,1501,HTTP Request,Non HTTP response code: java.net.SocketTimeoutException,Non HTTP response message: Read timed out,Thread Group 52-1,text,false,,2690,0,1,141,0,0,0
1492747332274,1503,HTTP Request,Non HTTP response code: java.net.SocketTimeoutException,Non HTTP response message: Read timed out,Thread Group 15-1,text,false,,2690,0,1,141,0,0,1
1492747332274,1503,HTTP Request,Non HTTP response code: java.net.SocketTimeoutException,Non HTTP response message: Read timed out,Thread Group 18-1,text,false,,2690,0,1,141,0,0,1
1492747332281,1503,HTTP Request,Non HTTP response code: java.net.SocketTimeoutException,Non HTTP response message: Read timed out,Thread Group 55-1,text,false,,2690,0,1,141,0,0,1
1492747332281,1503,HTTP Request,Non HTTP response code: java.net.SocketTimeoutException,Non HTTP response message: Read timed out,Thread Group 88-1,text,false,,2690,0,1,141,0,0,1
1492747332280,1504,HTTP Request,Non HTTP response code: java.net.SocketTimeoutException,Non HTTP response message: Read timed out,Thread Group 105-1,text,false,,2690,0,1,141,0,0,2
1492747332280,1505,HTTP Request,Non HTTP response code: java.net.SocketTimeoutException,Non HTTP response message: Read timed out,Thread Group 35-1,text,false,,2690,0,1,141,0,0,2
1492747332282,1503,HTTP Request,Non HTTP response code: java.net.SocketTimeoutException,Non HTTP response message: Read timed out,Thread Group 27-1,text,false,,2690,0,1,141,0,0,0
1492747332282,1503,HTTP Request,Non HTTP response code: java.net.SocketTimeoutException,Non HTTP response message: Read timed out,Thread Group 96-1,text,false,,2690,0,1,141,0,0,0
1492747332281,1504,HTTP Request,Non HTTP response code: java.net.SocketTimeoutException,Non HTTP response message: Read timed out,Thread Group 138-1,text,false,,2690,0,1,141,0,0,2
1492747332282,1504,HTTP Request,Non HTTP response code: java.net.SocketTimeoutException,Non HTTP response message: Read timed out,Thread Group 75-1,text,false,,2690,0,1,141,0,0,1
1492747332280,1506,HTTP Request,Non HTTP response code: java.net.SocketTimeoutException,Non HTTP response message: Read timed out,Thread Group 11-1,text,false,,2690,0,1,141,0,0,3
1492747332315,1503,HTTP Request,Non HTTP response code: java.net.SocketTimeoutException,Non HTTP response message: Read timed out,Thread Group 127-1,text,false,,2690,0,1,141,0,0,1
1492747332316,1503,HTTP Request,Non HTTP response code: java.net.SocketTimeoutException,Non HTTP response message: Read timed out,Thread Group 134-1,text,false,,2690,0,1,141,0,0,1
1492747332313,1506,HTTP Request,Non HTTP response code: java.net.SocketTimeoutException,Non HTTP response message: Read timed out,Thread Group 120-1,text,false,,2690,0,1,141,0,0,4
1492747332313,1507,HTTP Request,Non HTTP response code: java.net.SocketTimeoutException,Non HTTP response message: Read timed out,Thread Group 36-1,text,false,,2690,0,1,141,0,0,4
1492747332313,1507,HTTP Request,Non HTTP response code: java.net.SocketTimeoutException,Non HTTP response message: Read timed out,Thread Group 53-1,text,false,,2690,0,1,141,0,0,4
1492747332314,1506,HTTP Request,Non HTTP response code: java.net.SocketTimeoutException,Non HTTP response message: Read timed out,Thread Group 58-1,text,false,,2690,0,1,141,0,0,3
1492747332312,1508,HTTP Request,Non HTTP response code: java.net.SocketTimeoutException,Non HTTP response message: Read timed out,Thread Group 51-1,text,false,,2690,0,1,141,0,0,5
1492747332315,1506,HTTP Request,Non HTTP response code: java.net.SocketTimeoutException,Non HTTP response message: Read timed out,Thread Group 131-1,text,false,,2690,0,1,141,0,0,2
1492747332314,1507,HTTP Request,Non HTTP response code: java.net.SocketTimeoutException,Non HTTP response message: Read timed out,Thread Group 90-1,text,false,,2690,0,1,141,0,0,3
1492747332312,1509,HTTP Request,Non HTTP response code: java.net.SocketTimeoutException,Non HTTP response message: Read timed out,Thread Group 139-1,text,false,,2690,0,1,141,0,0,5
1492747332314,1507,HTTP Request,Non HTTP response code: java.net.SocketTimeoutException,Non HTTP response message: Read timed out,Thread Group 81-1,text,false,,2690,0,1,141,0,0,3
1492747332314,1508,HTTP Request,Non HTTP response code: java.net.SocketTimeoutException,Non HTTP response message: Read timed out,Thread Group 21-1,text,false,,2690,0,1,141,0,0,3
1492747332315,1507,HTTP Request,Non HTTP response code: java.net.SocketTimeoutException,Non HTTP response message: Read timed out,Thread Group 66-1,text,false,,2690,0,1,141,0,0,2
1492747332316,1506,HTTP Request,Non HTTP response code: java.net.SocketTimeoutException,Non HTTP response message: Read timed out,Thread Group 5-1,text,false,,2690,0,1,141,0,0,1
1492747332312,1510,HTTP Request,Non HTTP response code: java.net.SocketTimeoutException,Non HTTP response message: Read timed out,Thread Group 60-1,text,false,,2690,0,1,141,0,0,5
1492747332316,1507,HTTP Request,Non HTTP response code: java.net.SocketTimeoutException,Non HTTP response message: Read timed out,Thread Group 76-1,text,false,,2690,0,1,141,0,0,1
1492747332313,1510,HTTP Request,Non HTTP response code: java.net.SocketTimeoutException,Non HTTP response message: Read timed out,Thread Group 124-1,text,false,,2690,0,1,141,0,0,4
1492747332311,1512,HTTP Request,Non HTTP response code: java.net.SocketTimeoutException,Non HTTP response message: Read timed out,Thread Group 34-1,text,false,,2690,0,1,141,0,0,6
1492747332311,1513,HTTP Request,Non HTTP response code: java.net.SocketTimeoutException,Non HTTP response message: Read timed out,Thread Group 70-1,text,false,,2690,0,1,141,0,0,6
1492747332316,1503,HTTP Request,Non HTTP response code: java.net.SocketTimeoutException,Non HTTP response message: Read timed out,Thread Group 67-1,text,false,,2690,0,1,141,0,0,1
1492747332332,1502,HTTP Request,Non HTTP response code: java.net.SocketTimeoutException,Non HTTP response message: Read timed out,Thread Group 46-1,text,false,,2690,0,1,141,0,0,0
1492747332659,1502,HTTP Request,Non HTTP response code: java.net.SocketTimeoutException,Non HTTP response message: Read timed out,Thread Group 56-1,text,false,,2690,0,1,141,0,0,0
1492747333095,1504,HTTP Request,Non HTTP response code: java.net.SocketTimeoutException,Non HTTP response message: Read timed out,Thread Group 17-1,text,false,,2690,0,1,141,0,0,2
1492747333095,1504,HTTP Request,Non HTTP response code: java.net.SocketTimeoutException,Non HTTP response message: Read timed out,Thread Group 45-1,text,false,,2690,0,1,141,0,0,2
1492747333096,1503,HTTP Request,Non HTTP response code: java.net.SocketTimeoutException,Non HTTP response message: Read timed out,Thread Group 39-1,text,false,,2690,0,1,141,0,0,1
1492747333094,1506,HTTP Request,Non HTTP response code: java.net.SocketTimeoutException,Non HTTP response message: Read timed out,Thread Group 54-1,text,false,,2690,0,1,141,0,0,3
1492747333095,1505,HTTP Request,Non HTTP response code: java.net.SocketTimeoutException,Non HTTP response message: Read timed out,Thread Group 82-1,text,false,,2690,0,1,141,0,0,2
1492747333093,1507,HTTP Request,Non HTTP response code: java.net.SocketTimeoutException,Non HTTP response message: Read timed out,Thread Group 83-1,text,false,,2690,0,1,141,0,0,4
1492747333093,1507,HTTP Request,Non HTTP response code: java.net.SocketTimeoutException,Non HTTP response message: Read timed out,Thread Group 1-1,text,false,,2690,0,1,141,0,0,4
1492747333095,1506,HTTP Request,Non HTTP response code: java.net.SocketTimeoutException,Non HTTP response message: Read timed out,Thread Group 38-1,text,false,,2690,0,1,141,0,0,2
1492747333097,1504,HTTP Request,Non HTTP response code: java.net.SocketTimeoutException,Non HTTP response message: Read timed out,Thread Group 20-1,text,false,,2690,0,1,141,0,0,0
1492747333093,1508,HTTP Request,Non HTTP response code: java.net.SocketTimeoutException,Non HTTP response message: Read timed out,Thread Group 24-1,text,false,,2690,0,1,141,0,0,4
1492747333096,1505,HTTP Request,Non HTTP response code: java.net.SocketTimeoutException,Non HTTP response message: Read timed out,Thread Group 33-1,text,false,,2690,0,1,141,0,0,1
1492747333094,1508,HTTP Request,Non HTTP response code: java.net.SocketTimeoutException,Non HTTP response message: Read timed out,Thread Group 3-1,text,false,,2690,0,1,141,0,0,3
1492747333094,1508,HTTP Request,Non HTTP response code: java.net.SocketTimeoutException,Non HTTP response message: Read timed out,Thread Group 68-1,text,false,,2690,0,1,141,0,0,3
1492747333096,1506,HTTP Request,Non HTTP response code: java.net.SocketTimeoutException,Non HTTP response message: Read timed out,Thread Group 85-1,text,false,,2690,0,1,141,0,0,1
1492747333093,1509,HTTP Request,Non HTTP response code: java.net.SocketTimeoutException,Non HTTP response message: Read timed out,Thread Group 77-1,text,false,,2690,0,1,141,0,0,4
1492747333103,1501,HTTP Request,Non HTTP response code: java.net.SocketTimeoutException,Non HTTP response message: Read timed out,Thread Group 119-1,text,false,,2690,0,1,141,0,0,0
1492747333103,1501,HTTP Request,Non HTTP response code: java.net.SocketTimeoutException,Non HTTP response message: Read timed out,Thread Group 114-1,text,false,,2690,0,1,141,0,0,0
1492747333102,1502,HTTP Request,Non HTTP response code: java.net.SocketTimeoutException,Non HTTP response message: Read timed out,Thread Group 108-1,text,false,,2690,0,1,141,0,0,1
1492747333104,1502,HTTP Request,Non HTTP response code: java.net.SocketTimeoutException,Non HTTP response message: Read timed out,Thread Group 59-1,text,false,,2690,0,1,141,0,0,0
1492747333104,1502,HTTP Request,Non HTTP response code: java.net.SocketTimeoutException,Non HTTP response message: Read timed out,Thread Group 23-1,text,false,,2690,0,1,141,0,0,0
1492747333104,1503,HTTP Request,Non HTTP response code: java.net.SocketTimeoutException,Non HTTP response message: Read timed out,Thread Group 9-1,text,false,,2690,0,1,141,0,0,1
1492747333114,1502,HTTP Request,Non HTTP response code: java.net.SocketTimeoutException,Non HTTP response message: Read timed out,Thread Group 111-1,text,false,,2690,0,1,141,0,0,1
1492747333115,1501,HTTP Request,Non HTTP response code: java.net.SocketTimeoutException,Non HTTP response message: Read timed out,Thread Group 141-1,text,false,,2690,0,1,141,0,0,0
1492747333129,1503,HTTP Request,Non HTTP response code: java.net.SocketTimeoutException,Non HTTP response message: Read timed out,Thread Group 98-1,text,false,,2690,0,1,141,0,0,1
1492747333129,1504,HTTP Request,Non HTTP response code: java.net.SocketTimeoutException,Non HTTP response message: Read timed out,Thread Group 128-1,text,false,,2690,0,1,141,0,0,2
1492747333128,1505,HTTP Request,Non HTTP response code: java.net.SocketTimeoutException,Non HTTP response message: Read timed out,Thread Group 133-1,text,false,,2690,0,1,141,0,0,3
1492747333128,1505,HTTP Request,Non HTTP response code: java.net.SocketTimeoutException,Non HTTP response message: Read timed out,Thread Group 97-1,text,false,,2690,0,1,141,0,0,3
1492747333128,1506,HTTP Request,Non HTTP response code: java.net.SocketTimeoutException,Non HTTP response message: Read timed out,Thread Group 125-1,text,false,,2690,0,1,141,0,0,3
1492747333129,1505,HTTP Request,Non HTTP response code: java.net.SocketTimeoutException,Non HTTP response message: Read timed out,Thread Group 123-1,text,false,,2690,0,1,141,0,0,2
1492747333127,1507,HTTP Request,Non HTTP response code: java.net.SocketTimeoutException,Non HTTP response message: Read timed out,Thread Group 84-1,text,false,,2690,0,1,141,0,0,4
1492747333132,1503,HTTP Request,Non HTTP response code: java.net.SocketTimeoutException,Non HTTP response message: Read timed out,Thread Group 87-1,text,false,,2690,0,1,141,0,0,1
1492747333132,1503,HTTP Request,Non HTTP response code: java.net.SocketTimeoutException,Non HTTP response message: Read timed out,Thread Group 91-1,text,false,,2690,0,1,141,0,0,1
1492747333132,1504,HTTP Request,Non HTTP response code: java.net.SocketTimeoutException,Non HTTP response message: Read timed out,Thread Group 115-1,text,false,,2690,0,1,141,0,0,1
1492747333131,1505,HTTP Request,Non HTTP response code: java.net.SocketTimeoutException,Non HTTP response message: Read timed out,Thread Group 12-1,text,false,,2690,0,1,141,0,0,2
1492747333133,1503,HTTP Request,Non HTTP response code: java.net.SocketTimeoutException,Non HTTP response message: Read timed out,Thread Group 100-1,text,false,,2690,0,1,141,0,0,1
1492747333132,1504,HTTP Request,Non HTTP response code: java.net.SocketTimeoutException,Non HTTP response message: Read timed out,Thread Group 89-1,text,false,,2690,0,1,141,0,0,2
1492747333132,1505,HTTP Request,Non HTTP response code: java.net.SocketTimeoutException,Non HTTP response message: Read timed out,Thread Group 107-1,text,false,,2690,0,1,141,0,0,2
1492747333133,1504,HTTP Request,Non HTTP response code: java.net.SocketTimeoutException,Non HTTP response message: Read timed out,Thread Group 61-1,text,false,,2690,0,1,141,0,0,1
1492747333133,1504,HTTP Request,Non HTTP response code: java.net.SocketTimeoutException,Non HTTP response message: Read timed out,Thread Group 137-1,text,false,,2690,0,1,141,0,0,1
1492747333131,1506,HTTP Request,Non HTTP response code: java.net.SocketTimeoutException,Non HTTP response message: Read timed out,Thread Group 95-1,text,false,,2690,0,1,141,0,0,3
1492747333135,1503,HTTP Request,Non HTTP response code: java.net.SocketTimeoutException,Non HTTP response message: Read timed out,Thread Group 42-1,text,false,,2690,0,1,141,0,0,0
1492747333135,1503,HTTP Request,Non HTTP response code: java.net.SocketTimeoutException,Non HTTP response message: Read timed out,Thread Group 112-1,text,false,,2690,0,1,141,0,0,0
1492747333135,1503,HTTP Request,Non HTTP response code: java.net.SocketTimeoutException,Non HTTP response message: Read timed out,Thread Group 50-1,text,false,,2690,0,1,141,0,0,0
1492747333131,1504,HTTP Request,Non HTTP response code: java.net.SocketTimeoutException,Non HTTP response message: Read timed out,Thread Group 92-1,text,false,,2690,0,1,141,0,0,2
1492747333166,1503,HTTP Request,Non HTTP response code: java.net.SocketTimeoutException,Non HTTP response message: Read timed out,Thread Group 37-1,text,false,,2690,0,1,141,0,0,1
1492747333167,1502,HTTP Request,Non HTTP response code: java.net.SocketTimeoutException,Non HTTP response message: Read timed out,Thread Group 10-1,text,false,,2690,0,1,141,0,0,0
1492747333216,1502,HTTP Request,Non HTTP response code: org.apache.http.conn.ConnectTimeoutException,Non HTTP response message: Connect to 10.138.0.2:80 timed out,Thread Group 7-1,text,false,,1658,0,1,141,0,0,1502
1492747333216,1502,HTTP Request,Non HTTP response code: org.apache.http.conn.ConnectTimeoutException,Non HTTP response message: Connect to 10.138.0.2:80 timed out,Thread Group 63-1,text,false,,1658,0,1,141,0,0,1502
1492747333217,1502,HTTP Request,Non HTTP response code: org.apache.http.conn.ConnectTimeoutException,Non HTTP response message: Connect to 10.138.0.2:80 timed out,Thread Group 110-1,text,false,,1658,0,1,141,0,0,1502
1492747333217,1502,HTTP Request,Non HTTP response code: org.apache.http.conn.ConnectTimeoutException,Non HTTP response message: Connect to 10.138.0.2:80 timed out,Thread Group 44-1,text,false,,1658,0,1,141,0,0,1502
1492747333217,1502,HTTP Request,Non HTTP response code: org.apache.http.conn.ConnectTimeoutException,Non HTTP response message: Connect to 10.138.0.2:80 timed out,Thread Group 47-1,text,false,,1658,0,1,141,0,0,1502
1492747333217,1502,HTTP Request,Non HTTP response code: org.apache.http.conn.ConnectTimeoutException,Non HTTP response message: Connect to 10.138.0.2:80 timed out,Thread Group 80-1,text,false,,1658,0,1,141,0,0,1502
1492747333218,1502,HTTP Request,Non HTTP response code: org.apache.http.conn.ConnectTimeoutException,Non HTTP response message: Connect to 10.138.0.2:80 timed out,Thread Group 48-1,text,false,,1658,0,1,141,0,0,1502
1492747333218,1502,HTTP Request,Non HTTP response code: org.apache.http.conn.ConnectTimeoutException,Non HTTP response message: Connect to 10.138.0.2:80 timed out,Thread Group 99-1,text,false,,1658,0,1,141,0,0,1502
1492747333218,1501,HTTP Request,Non HTTP response code: org.apache.http.conn.ConnectTimeoutException,Non HTTP response message: Connect to 10.138.0.2:80 timed out,Thread Group 94-1,text,false,,1658,0,1,141,0,0,1501
1492747333248,1502,HTTP Request,Non HTTP response code: org.apache.http.conn.ConnectTimeoutException,Non HTTP response message: Connect to 10.138.0.2:80 timed out,Thread Group 118-1,text,false,,1658,0,1,141,0,0,1502
1492747333356,1502,HTTP Request,Non HTTP response code: org.apache.http.conn.ConnectTimeoutException,Non HTTP response message: Connect to 10.138.0.2:80 timed out,Thread Group 104-1,text,false,,1658,0,1,141,0,0,1502
1492747333394,1502,HTTP Request,Non HTTP response code: org.apache.http.conn.ConnectTimeoutException,Non HTTP response message: Connect to 10.138.0.2:80 timed out,Thread Group 93-1,text,false,,1658,0,1,141,0,0,1502
1492747333395,1502,HTTP Request,Non HTTP response code: org.apache.http.conn.ConnectTimeoutException,Non HTTP response message: Connect to 10.138.0.2:80 timed out,Thread Group 126-1,text,false,,1658,0,1,141,0,0,1502
1492747333395,1502,HTTP Request,Non HTTP response code: org.apache.http.conn.ConnectTimeoutException,Non HTTP response message: Connect to 10.138.0.2:80 timed out,Thread Group 113-1,text,false,,1658,0,1,141,0,0,1502
1492747333397,1502,HTTP Request,Non HTTP response code: org.apache.http.conn.ConnectTimeoutException,Non HTTP response message: Connect to 10.138.0.2:80 timed out,Thread Group 117-1,text,false,,1658,0,1,141,0,0,1502
1492747333398,1501,HTTP Request,Non HTTP response code: org.apache.http.conn.ConnectTimeoutException,Non HTTP response message: Connect to 10.138.0.2:80 timed out,Thread Group 121-1,text,false,,1658,0,1,141,0,0,1501
1492747333398,1502,HTTP Request,Non HTTP response code: org.apache.http.conn.ConnectTimeoutException,Non HTTP response message: Connect to 10.138.0.2:80 timed out,Thread Group 135-1,text,false,,1658,0,1,141,0,0,1502
1492747333398,1502,HTTP Request,Non HTTP response code: org.apache.http.conn.ConnectTimeoutException,Non HTTP response message: Connect to 10.138.0.2:80 timed out,Thread Group 136-1,text,false,,1658,0,1,141,0,0,1502
1492747333399,1501,HTTP Request,Non HTTP response code: org.apache.http.conn.ConnectTimeoutException,Non HTTP response message: Connect to 10.138.0.2:80 timed out,Thread Group 29-1,text,false,,1658,0,1,141,0,0,1501
1492747333430,1502,HTTP Request,Non HTTP response code: org.apache.http.conn.ConnectTimeoutException,Non HTTP response message: Connect to 10.138.0.2:80 timed out,Thread Group 109-1,text,false,,1658,0,1,141,0,0,1502
1492747333430,1502,HTTP Request,Non HTTP response code: org.apache.http.conn.ConnectTimeoutException,Non HTTP response message: Connect to 10.138.0.2:80 timed out,Thread Group 28-1,text,false,,1658,0,1,141,0,0,1502
1492747333431,1501,HTTP Request,Non HTTP response code: org.apache.http.conn.ConnectTimeoutException,Non HTTP response message: Connect to 10.138.0.2:80 timed out,Thread Group 132-1,text,false,,1658,0,1,141,0,0,1501
1492747333432,1500,HTTP Request,Non HTTP response code: org.apache.http.conn.ConnectTimeoutException,Non HTTP response message: Connect to 10.138.0.2:80 timed out,Thread Group 19-1,text,false,,1658,0,1,141,0,0,1500
1492747333431,1502,HTTP Request,Non HTTP response code: org.apache.http.conn.ConnectTimeoutException,Non HTTP response message: Connect to 10.138.0.2:80 timed out,Thread Group 129-1,text,false,,1658,0,1,141,0,0,1502
1492747333431,1502,HTTP Request,Non HTTP response code: org.apache.http.conn.ConnectTimeoutException,Non HTTP response message: Connect to 10.138.0.2:80 timed out,Thread Group 22-1,text,false,,1658,0,1,141,0,0,1502
1492747333429,1502,HTTP Request,Non HTTP response code: org.apache.http.conn.ConnectTimeoutException,Non HTTP response message: Connect to 10.138.0.2:80 timed out,Thread Group 16-1,text,false,,1658,0,1,141,0,0,1502
1492747333435,1506,HTTP Request,Non HTTP response code: org.apache.http.conn.ConnectTimeoutException,Non HTTP response message: Connect to 10.138.0.2:80 timed out,Thread Group 8-1,text,false,,1658,0,1,141,0,0,1506
1492747333431,1510,HTTP Request,Non HTTP response code: org.apache.http.conn.ConnectTimeoutException,Non HTTP response message: Connect to 10.138.0.2:80 timed out,Thread Group 13-1,text,false,,1658,0,1,141,0,0,1510
1492747333437,1504,HTTP Request,Non HTTP response code: org.apache.http.conn.ConnectTimeoutException,Non HTTP response message: Connect to 10.138.0.2:80 timed out,Thread Group 71-1,text,false,,1658,0,1,141,0,0,1504
1492747333437,1504,HTTP Request,Non HTTP response code: org.apache.http.conn.ConnectTimeoutException,Non HTTP response message: Connect to 10.138.0.2:80 timed out,Thread Group 79-1,text,false,,1658,0,1,141,0,0,1504
1492747333437,1505,HTTP Request,Non HTTP response code: org.apache.http.conn.ConnectTimeoutException,Non HTTP response message: Connect to 10.138.0.2:80 timed out,Thread Group 140-1,text,false,,1658,0,1,141,0,0,1505
1492747333436,1506,HTTP Request,Non HTTP response code: org.apache.http.conn.ConnectTimeoutException,Non HTTP response message: Connect to 10.138.0.2:80 timed out,Thread Group 86-1,text,false,,1658,0,1,141,0,0,1506
1492747333436,1506,HTTP Request,Non HTTP response code: org.apache.http.conn.ConnectTimeoutException,Non HTTP response message: Connect to 10.138.0.2:80 timed out,Thread Group 25-1,text,false,,1658,0,1,141,0,0,1506
1492747333436,1506,HTTP Request,Non HTTP response code: org.apache.http.conn.ConnectTimeoutException,Non HTTP response message: Connect to 10.138.0.2:80 timed out,Thread Group 78-1,text,false,,1658,0,1,141,0,0,1506
1492747333435,1507,HTTP Request,Non HTTP response code: org.apache.http.conn.ConnectTimeoutException,Non HTTP response message: Connect to 10.138.0.2:80 timed out,Thread Group 26-1,text,false,,1658,0,1,141,0,0,1507
1492747333435,1508,HTTP Request,Non HTTP response code: org.apache.http.conn.ConnectTimeoutException,Non HTTP response message: Connect to 10.138.0.2:80 timed out,Thread Group 106-1,text,false,,1658,0,1,141,0,0,1508
1492747333435,1508,HTTP Request,Non HTTP response code: org.apache.http.conn.ConnectTimeoutException,Non HTTP response message: Connect to 10.138.0.2:80 timed out,Thread Group 73-1,text,false,,1658,0,1,141,0,0,1508
1492747333434,1509,HTTP Request,Non HTTP response code: org.apache.http.conn.ConnectTimeoutException,Non HTTP response message: Connect to 10.138.0.2:80 timed out,Thread Group 32-1,text,false,,1658,0,1,141,0,0,1509
1492747333434,1509,HTTP Request,Non HTTP response code: org.apache.http.conn.ConnectTimeoutException,Non HTTP response message: Connect to 10.138.0.2:80 timed out,Thread Group 102-1,text,false,,1658,0,1,141,0,0,1509
1492747333434,1509,HTTP Request,Non HTTP response code: org.apache.http.conn.ConnectTimeoutException,Non HTTP response message: Connect to 10.138.0.2:80 timed out,Thread Group 31-1,text,false,,1658,0,1,141,0,0,1509
1492747333432,1502,HTTP Request,Non HTTP response code: org.apache.http.conn.ConnectTimeoutException,Non HTTP response message: Connect to 10.138.0.2:80 timed out,Thread Group 43-1,text,false,,1658,0,1,141,0,0,1502
1492747333433,1511,HTTP Request,Non HTTP response code: org.apache.http.conn.ConnectTimeoutException,Non HTTP response message: Connect to 10.138.0.2:80 timed out,Thread Group 40-1,text,false,,1658,0,1,141,0,0,1511
1492747333433,1511,HTTP Request,Non HTTP response code: org.apache.http.conn.ConnectTimeoutException,Non HTTP response message: Connect to 10.138.0.2:80 timed out,Thread Group 14-1,text,false,,1658,0,1,141,0,0,1511
1492747333433,1511,HTTP Request,Non HTTP response code: org.apache.http.conn.ConnectTimeoutException,Non HTTP response message: Connect to 10.138.0.2:80 timed out,Thread Group 4-1,text,false,,1658,0,1,141,0,0,1511
1492747333433,1501,HTTP Request,Non HTTP response code: org.apache.http.conn.ConnectTimeoutException,Non HTTP response message: Connect to 10.138.0.2:80 timed out,Thread Group 49-1,text,false,,1658,0,1,141,0,0,1501
1492747333432,1502,HTTP Request,Non HTTP response code: org.apache.http.conn.ConnectTimeoutException,Non HTTP response message: Connect to 10.138.0.2:80 timed out,Thread Group 122-1,text,false,,1658,0,1,141,0,0,1502
1492747333450,1502,HTTP Request,Non HTTP response code: org.apache.http.conn.ConnectTimeoutException,Non HTTP response message: Connect to 10.138.0.2:80 timed out,Thread Group 101-1,text,false,,1658,0,1,141,0,0,1502
1492747333575,1502,HTTP Request,Non HTTP response code: java.net.SocketTimeoutException,Non HTTP response message: Read timed out,Thread Group 103-1,text,false,,2690,0,1,141,0,0,0
1492747333662,1502,HTTP Request,Non HTTP response code: org.apache.http.conn.ConnectTimeoutException,Non HTTP response message: Connect to 10.138.0.2:80 timed out,Thread Group 69-1,text,false,,1658,0,1,141,0,0,1502
1492747333663,1502,HTTP Request,Non HTTP response code: org.apache.http.conn.ConnectTimeoutException,Non HTTP response message: Connect to 10.138.0.2:80 timed out,Thread Group 57-1,text,false,,1658,0,1,141,0,0,1502
1492747333663,1502,HTTP Request,Non HTTP response code: org.apache.http.conn.ConnectTimeoutException,Non HTTP response message: Connect to 10.138.0.2:80 timed out,Thread Group 2-1,text,false,,1658,0,1,141,0,0,1502
1492747333701,1502,HTTP Request,Non HTTP response code: org.apache.http.conn.ConnectTimeoutException,Non HTTP response message: Connect to 10.138.0.2:80 timed out,Thread Group 62-1,text,false,,1658,0,1,141,0,0,1502
1492747333702,1502,HTTP Request,Non HTTP response code: org.apache.http.conn.ConnectTimeoutException,Non HTTP response message: Connect to 10.138.0.2:80 timed out,Thread Group 65-1,text,false,,1658,0,1,141,0,0,1502
1492747333757,1502,HTTP Request,Non HTTP response code: org.apache.http.conn.ConnectTimeoutException,Non HTTP response message: Connect to 10.138.0.2:80 timed out,Thread Group 116-1,text,false,,1658,0,1,141,0,0,1502
1492747333776,1502,HTTP Request,Non HTTP response code: org.apache.http.conn.ConnectTimeoutException,Non HTTP response message: Connect to 10.138.0.2:80 timed out,Thread Group 130-1,text,false,,1658,0,1,141,0,0,1502
1492747333776,1502,HTTP Request,Non HTTP response code: org.apache.http.conn.ConnectTimeoutException,Non HTTP response message: Connect to 10.138.0.2:80 timed out,Thread Group 52-1,text,false,,1658,0,1,141,0,0,1502
1492747333777,1502,HTTP Request,Non HTTP response code: org.apache.http.conn.ConnectTimeoutException,Non HTTP response message: Connect to 10.138.0.2:80 timed out,Thread Group 15-1,text,false,,1658,0,1,141,0,0,1502
1492747333777,1502,HTTP Request,Non HTTP response code: org.apache.http.conn.ConnectTimeoutException,Non HTTP response message: Connect to 10.138.0.2:80 timed out,Thread Group 18-1,text,false,,1658,0,1,141,0,0,1502
1492747333784,1502,HTTP Request,Non HTTP response code: org.apache.http.conn.ConnectTimeoutException,Non HTTP response message: Connect to 10.138.0.2:80 timed out,Thread Group 55-1,text,false,,1658,0,1,141,0,0,1502
1492747333784,1502,HTTP Request,Non HTTP response code: org.apache.http.conn.ConnectTimeoutException,Non HTTP response message: Connect to 10.138.0.2:80 timed out,Thread Group 88-1,text,false,,1658,0,1,141,0,0,1502
1492747333784,1502,HTTP Request,Non HTTP response code: org.apache.http.conn.ConnectTimeoutException,Non HTTP response message: Connect to 10.138.0.2:80 timed out,Thread Group 105-1,text,false,,1658,0,1,141,0,0,1502
1492747333785,1501,HTTP Request,Non HTTP response code: org.apache.http.conn.ConnectTimeoutException,Non HTTP response message: Connect to 10.138.0.2:80 timed out,Thread Group 35-1,text,false,,1658,0,1,141,0,0,1501
1492747333785,1502,HTTP Request,Non HTTP response code: org.apache.http.conn.ConnectTimeoutException,Non HTTP response message: Connect to 10.138.0.2:80 timed out,Thread Group 27-1,text,false,,1658,0,1,141,0,0,1502
1492747333785,1502,HTTP Request,Non HTTP response code: org.apache.http.conn.ConnectTimeoutException,Non HTTP response message: Connect to 10.138.0.2:80 timed out,Thread Group 96-1,text,false,,1658,0,1,141,0,0,1502
1492747333786,1501,HTTP Request,Non HTTP response code: org.apache.http.conn.ConnectTimeoutException,Non HTTP response message: Connect to 10.138.0.2:80 timed out,Thread Group 138-1,text,false,,1658,0,1,141,0,0,1501
1492747333786,1502,HTTP Request,Non HTTP response code: org.apache.http.conn.ConnectTimeoutException,Non HTTP response message: Connect to 10.138.0.2:80 timed out,Thread Group 11-1,text,false,,1658,0,1,141,0,0,1502
1492747333786,1502,HTTP Request,Non HTTP response code: org.apache.http.conn.ConnectTimeoutException,Non HTTP response message: Connect to 10.138.0.2:80 timed out,Thread Group 75-1,text,false,,1658,0,1,141,0,0,1502
1492747333819,1501,HTTP Request,Non HTTP response code: org.apache.http.conn.ConnectTimeoutException,Non HTTP response message: Connect to 10.138.0.2:80 timed out,Thread Group 127-1,text,false,,1658,0,1,141,0,0,1501
1492747333819,1502,HTTP Request,Non HTTP response code: org.apache.http.conn.ConnectTimeoutException,Non HTTP response message: Connect to 10.138.0.2:80 timed out,Thread Group 134-1,text,false,,1658,0,1,141,0,0,1502
1492747333819,1502,HTTP Request,Non HTTP response code: org.apache.http.conn.ConnectTimeoutException,Non HTTP response message: Connect to 10.138.0.2:80 timed out,Thread Group 120-1,text,false,,1658,0,1,141,0,0,1502
1492747333820,1501,HTTP Request,Non HTTP response code: org.apache.http.conn.ConnectTimeoutException,Non HTTP response message: Connect to 10.138.0.2:80 timed out,Thread Group 36-1,text,false,,1658,0,1,141,0,0,1501
1492747333820,1502,HTTP Request,Non HTTP response code: org.apache.http.conn.ConnectTimeoutException,Non HTTP response message: Connect to 10.138.0.2:80 timed out,Thread Group 53-1,text,false,,1658,0,1,141,0,0,1502
1492747333820,1502,HTTP Request,Non HTTP response code: org.apache.http.conn.ConnectTimeoutException,Non HTTP response message: Connect to 10.138.0.2:80 timed out,Thread Group 58-1,text,false,,1658,0,1,141,0,0,1502
1492747333821,1501,HTTP Request,Non HTTP response code: org.apache.http.conn.ConnectTimeoutException,Non HTTP response message: Connect to 10.138.0.2:80 timed out,Thread Group 51-1,text,false,,1658,0,1,141,0,0,1501
1492747333821,1501,HTTP Request,Non HTTP response code: org.apache.http.conn.ConnectTimeoutException,Non HTTP response message: Connect to 10.138.0.2:80 timed out,Thread Group 131-1,text,false,,1658,0,1,141,0,0,1501
1492747333821,1502,HTTP Request,Non HTTP response code: org.apache.http.conn.ConnectTimeoutException,Non HTTP response message: Connect to 10.138.0.2:80 timed out,Thread Group 90-1,text,false,,1658,0,1,141,0,0,1502
1492747333821,1502,HTTP Request,Non HTTP response code: org.apache.http.conn.ConnectTimeoutException,Non HTTP response message: Connect to 10.138.0.2:80 timed out,Thread Group 139-1,text,false,,1658,0,1,141,0,0,1502
1492747333822,1501,HTTP Request,Non HTTP response code: org.apache.http.conn.ConnectTimeoutException,Non HTTP response message: Connect to 10.138.0.2:80 timed out,Thread Group 81-1,text,false,,1658,0,1,141,0,0,1501
1492747333822,1502,HTTP Request,Non HTTP response code: org.apache.http.conn.ConnectTimeoutException,Non HTTP response message: Connect to 10.138.0.2:80 timed out,Thread Group 66-1,text,false,,1658,0,1,141,0,0,1502
1492747333822,1502,HTTP Request,Non HTTP response code: org.apache.http.conn.ConnectTimeoutException,Non HTTP response message: Connect to 10.138.0.2:80 timed out,Thread Group 5-1,text,false,,1658,0,1,141,0,0,1502
1492747333823,1501,HTTP Request,Non HTTP response code: org.apache.http.conn.ConnectTimeoutException,Non HTTP response message: Connect to 10.138.0.2:80 timed out,Thread Group 60-1,text,false,,1658,0,1,141,0,0,1501
1492747333823,1501,HTTP Request,Non HTTP response code: org.apache.http.conn.ConnectTimeoutException,Non HTTP response message: Connect to 10.138.0.2:80 timed out,Thread Group 76-1,text,false,,1658,0,1,141,0,0,1501
1492747333823,1502,HTTP Request,Non HTTP response code: org.apache.http.conn.ConnectTimeoutException,Non HTTP response message: Connect to 10.138.0.2:80 timed out,Thread Group 124-1,text,false,,1658,0,1,141,0,0,1502
1492747333822,1501,HTTP Request,Non HTTP response code: org.apache.http.conn.ConnectTimeoutException,Non HTTP response message: Connect to 10.138.0.2:80 timed out,Thread Group 21-1,text,false,,1658,0,1,141,0,0,1501
1492747333824,1501,HTTP Request,Non HTTP response code: org.apache.http.conn.ConnectTimeoutException,Non HTTP response message: Connect to 10.138.0.2:80 timed out,Thread Group 70-1,text,false,,1658,0,1,141,0,0,1501
1492747333824,1502,HTTP Request,Non HTTP response code: org.apache.http.conn.ConnectTimeoutException,Non HTTP response message: Connect to 10.138.0.2:80 timed out,Thread Group 67-1,text,false,,1658,0,1,141,0,0,1502
1492747333824,1502,HTTP Request,Non HTTP response code: org.apache.http.conn.ConnectTimeoutException,Non HTTP response message: Connect to 10.138.0.2:80 timed out,Thread Group 34-1,text,false,,1658,0,1,141,0,0,1502
1492747333834,1502,HTTP Request,Non HTTP response code: org.apache.http.conn.ConnectTimeoutException,Non HTTP response message: Connect to 10.138.0.2:80 timed out,Thread Group 46-1,text,false,,1658,0,1,141,0,0,1502
1492747334162,1501,HTTP Request,Non HTTP response code: org.apache.http.conn.ConnectTimeoutException,Non HTTP response message: Connect to 10.138.0.2:80 timed out,Thread Group 56-1,text,false,,1658,0,1,141,0,0,1501
1492747333209,2501,HTTP Request,Non HTTP response code: java.net.SocketTimeoutException,Non HTTP response message: Read timed out,Thread Group 41-1,text,false,,2690,0,1,141,0,0,999
1492747333209,2501,HTTP Request,Non HTTP response code: java.net.SocketTimeoutException,Non HTTP response message: Read timed out,Thread Group 30-1,text,false,,2690,0,1,141,0,0,999
1492747333209,2502,HTTP Request,Non HTTP response code: java.net.SocketTimeoutException,Non HTTP response message: Read timed out,Thread Group 64-1,text,false,,2690,0,1,141,0,0,999
1492747333208,2503,HTTP Request,Non HTTP response code: java.net.SocketTimeoutException,Non HTTP response message: Read timed out,Thread Group 72-1,text,false,,2690,0,1,141,0,0,1000
1492747333208,2503,HTTP Request,Non HTTP response code: java.net.SocketTimeoutException,Non HTTP response message: Read timed out,Thread Group 6-1,text,false,,2690,0,1,141,0,0,1000
1492747333538,2500,HTTP Request,Non HTTP response code: java.net.SocketTimeoutException,Non HTTP response message: Read timed out,Thread Group 74-1,text,false,,2690,0,1,141,0,0,998
1492747334599,1501,HTTP Request,Non HTTP response code: org.apache.http.conn.ConnectTimeoutException,Non HTTP response message: Connect to 10.138.0.2:80 timed out,Thread Group 45-1,text,false,,1658,0,1,141,0,0,1501
1492747334600,1501,HTTP Request,Non HTTP response code: org.apache.http.conn.ConnectTimeoutException,Non HTTP response message: Connect to 10.138.0.2:80 timed out,Thread Group 54-1,text,false,,1658,0,1,141,0,0,1501
1492747334600,1502,HTTP Request,Non HTTP response code: org.apache.http.conn.ConnectTimeoutException,Non HTTP response message: Connect to 10.138.0.2:80 timed out,Thread Group 82-1,text,false,,1658,0,1,141,0,0,1502
1492747334600,1502,HTTP Request,Non HTTP response code: org.apache.http.conn.ConnectTimeoutException,Non HTTP response message: Connect to 10.138.0.2:80 timed out,Thread Group 83-1,text,false,,1658,0,1,141,0,0,1502
1492747334601,1501,HTTP Request,Non HTTP response code: org.apache.http.conn.ConnectTimeoutException,Non HTTP response message: Connect to 10.138.0.2:80 timed out,Thread Group 1-1,text,false,,1658,0,1,141,0,0,1501
1492747334601,1502,HTTP Request,Non HTTP response code: org.apache.http.conn.ConnectTimeoutException,Non HTTP response message: Connect to 10.138.0.2:80 timed out,Thread Group 38-1,text,false,,1658,0,1,141,0,0,1502
1492747334601,1502,HTTP Request,Non HTTP response code: org.apache.http.conn.ConnectTimeoutException,Non HTTP response message: Connect to 10.138.0.2:80 timed out,Thread Group 20-1,text,false,,1658,0,1,141,0,0,1502
1492747334601,1502,HTTP Request,Non HTTP response code: org.apache.http.conn.ConnectTimeoutException,Non HTTP response message: Connect to 10.138.0.2:80 timed out,Thread Group 24-1,text,false,,1658,0,1,141,0,0,1502
1492747334601,1503,HTTP Request,Non HTTP response code: org.apache.http.conn.ConnectTimeoutException,Non HTTP response message: Connect to 10.138.0.2:80 timed out,Thread Group 33-1,text,false,,1658,0,1,141,0,0,1503
1492747334602,1502,HTTP Request,Non HTTP response code: org.apache.http.conn.ConnectTimeoutException,Non HTTP response message: Connect to 10.138.0.2:80 timed out,Thread Group 3-1,text,false,,1658,0,1,141,0,0,1502
1492747334602,1502,HTTP Request,Non HTTP response code: org.apache.http.conn.ConnectTimeoutException,Non HTTP response message: Connect to 10.138.0.2:80 timed out,Thread Group 68-1,text,false,,1658,0,1,141,0,0,1502
1492747334602,1503,HTTP Request,Non HTTP response code: org.apache.http.conn.ConnectTimeoutException,Non HTTP response message: Connect to 10.138.0.2:80 timed out,Thread Group 85-1,text,false,,1658,0,1,141,0,0,1502
1492747334602,1503,HTTP Request,Non HTTP response code: org.apache.http.conn.ConnectTimeoutException,Non HTTP response message: Connect to 10.138.0.2:80 timed out,Thread Group 77-1,text,false,,1658,0,1,141,0,0,1503
1492747334599,1506,HTTP Request,Non HTTP response code: org.apache.http.conn.ConnectTimeoutException,Non HTTP response message: Connect to 10.138.0.2:80 timed out,Thread Group 39-1,text,false,,1658,0,1,141,0,0,1506
1492747334604,1501,HTTP Request,Non HTTP response code: org.apache.http.conn.ConnectTimeoutException,Non HTTP response message: Connect to 10.138.0.2:80 timed out,Thread Group 119-1,text,false,,1658,0,1,141,0,0,1501
1492747334604,1502,HTTP Request,Non HTTP response code: org.apache.http.conn.ConnectTimeoutException,Non HTTP response message: Connect to 10.138.0.2:80 timed out,Thread Group 114-1,text,false,,1658,0,1,141,0,0,1502
1492747334604,1502,HTTP Request,Non HTTP response code: org.apache.http.conn.ConnectTimeoutException,Non HTTP response message: Connect to 10.138.0.2:80 timed out,Thread Group 108-1,text,false,,1658,0,1,141,0,0,1502
1492747334606,1502,HTTP Request,Non HTTP response code: org.apache.http.conn.ConnectTimeoutException,Non HTTP response message: Connect to 10.138.0.2:80 timed out,Thread Group 59-1,text,false,,1658,0,1,141,0,0,1502
1492747334606,1502,HTTP Request,Non HTTP response code: org.apache.http.conn.ConnectTimeoutException,Non HTTP response message: Connect to 10.138.0.2:80 timed out,Thread Group 23-1,text,false,,1658,0,1,141,0,0,1502
1492747334607,1501,HTTP Request,Non HTTP response code: org.apache.http.conn.ConnectTimeoutException,Non HTTP response message: Connect to 10.138.0.2:80 timed out,Thread Group 9-1,text,false,,1658,0,1,141,0,0,1501
1492747334616,1502,HTTP Request,Non HTTP response code: org.apache.http.conn.ConnectTimeoutException,Non HTTP response message: Connect to 10.138.0.2:80 timed out,Thread Group 111-1,text,false,,1658,0,1,141,0,0,1502
1492747334616,1502,HTTP Request,Non HTTP response code: org.apache.http.conn.ConnectTimeoutException,Non HTTP response message: Connect to 10.138.0.2:80 timed out,Thread Group 141-1,text,false,,1658,0,1,141,0,0,1502
1492747334632,1502,HTTP Request,Non HTTP response code: org.apache.http.conn.ConnectTimeoutException,Non HTTP response message: Connect to 10.138.0.2:80 timed out,Thread Group 98-1,text,false,,1658,0,1,141,0,0,1502
1492747334633,1502,HTTP Request,Non HTTP response code: org.apache.http.conn.ConnectTimeoutException,Non HTTP response message: Connect to 10.138.0.2:80 timed out,Thread Group 128-1,text,false,,1658,0,1,141,0,0,1502
1492747334633,1502,HTTP Request,Non HTTP response code: org.apache.http.conn.ConnectTimeoutException,Non HTTP response message: Connect to 10.138.0.2:80 timed out,Thread Group 133-1,text,false,,1658,0,1,141,0,0,1502
1492747334633,1502,HTTP Request,Non HTTP response code: org.apache.http.conn.ConnectTimeoutException,Non HTTP response message: Connect to 10.138.0.2:80 timed out,Thread Group 97-1,text,false,,1658,0,1,141,0,0,1502
1492747334634,1502,HTTP Request,Non HTTP response code: org.apache.http.conn.ConnectTimeoutException,Non HTTP response message: Connect to 10.138.0.2:80 timed out,Thread Group 123-1,text,false,,1658,0,1,141,0,0,1502
1492747334634,1502,HTTP Request,Non HTTP response code: org.apache.http.conn.ConnectTimeoutException,Non HTTP response message: Connect to 10.138.0.2:80 timed out,Thread Group 84-1,text,false,,1658,0,1,141,0,0,1502
1492747334635,1501,HTTP Request,Non HTTP response code: org.apache.http.conn.ConnectTimeoutException,Non HTTP response message: Connect to 10.138.0.2:80 timed out,Thread Group 87-1,text,false,,1658,0,1,141,0,0,1501
1492747334635,1501,HTTP Request,Non HTTP response code: org.apache.http.conn.ConnectTimeoutException,Non HTTP response message: Connect to 10.138.0.2:80 timed out,Thread Group 91-1,text,false,,1658,0,1,141,0,0,1501
1492747334634,1503,HTTP Request,Non HTTP response code: org.apache.http.conn.ConnectTimeoutException,Non HTTP response message: Connect to 10.138.0.2:80 timed out,Thread Group 125-1,text,false,,1658,0,1,141,0,0,1503
1492747334636,1501,HTTP Request,Non HTTP response code: org.apache.http.conn.ConnectTimeoutException,Non HTTP response message: Connect to 10.138.0.2:80 timed out,Thread Group 115-1,text,false,,1658,0,1,141,0,0,1501
1492747334636,1502,HTTP Request,Non HTTP response code: org.apache.http.conn.ConnectTimeoutException,Non HTTP response message: Connect to 10.138.0.2:80 timed out,Thread Group 12-1,text,false,,1658,0,1,141,0,0,1502
1492747334636,1502,HTTP Request,Non HTTP response code: org.apache.http.conn.ConnectTimeoutException,Non HTTP response message: Connect to 10.138.0.2:80 timed out,Thread Group 100-1,text,false,,1658,0,1,141,0,0,1502
1492747334636,1502,HTTP Request,Non HTTP response code: org.apache.http.conn.ConnectTimeoutException,Non HTTP response message: Connect to 10.138.0.2:80 timed out,Thread Group 89-1,text,false,,1658,0,1,141,0,0,1502
1492747334637,1502,HTTP Request,Non HTTP response code: org.apache.http.conn.ConnectTimeoutException,Non HTTP response message: Connect to 10.138.0.2:80 timed out,Thread Group 107-1,text,false,,1658,0,1,141,0,0,1502
1492747334637,1502,HTTP Request,Non HTTP response code: org.apache.http.conn.ConnectTimeoutException,Non HTTP response message: Connect to 10.138.0.2:80 timed out,Thread Group 61-1,text,false,,1658,0,1,141,0,0,1502
1492747334637,1502,HTTP Request,Non HTTP response code: org.apache.http.conn.ConnectTimeoutException,Non HTTP response message: Connect to 10.138.0.2:80 timed out,Thread Group 137-1,text,false,,1658,0,1,141,0,0,1502
1492747334638,1502,HTTP Request,Non HTTP response code: org.apache.http.conn.ConnectTimeoutException,Non HTTP response message: Connect to 10.138.0.2:80 timed out,Thread Group 95-1,text,false,,1658,0,1,141,0,0,1502
1492747334638,1502,HTTP Request,Non HTTP response code: org.apache.http.conn.ConnectTimeoutException,Non HTTP response message: Connect to 10.138.0.2:80 timed out,Thread Group 42-1,text,false,,1658,0,1,141,0,0,1502
1492747334638,1502,HTTP Request,Non HTTP response code: org.apache.http.conn.ConnectTimeoutException,Non HTTP response message: Connect to 10.138.0.2:80 timed out,Thread Group 112-1,text,false,,1658,0,1,141,0,0,1502
1492747334638,1503,HTTP Request,Non HTTP response code: org.apache.http.conn.ConnectTimeoutException,Non HTTP response message: Connect to 10.138.0.2:80 timed out,Thread Group 50-1,text,false,,1658,0,1,141,0,0,1503
1492747334638,1503,HTTP Request,Non HTTP response code: org.apache.http.conn.ConnectTimeoutException,Non HTTP response message: Connect to 10.138.0.2:80 timed out,Thread Group 92-1,text,false,,1658,0,1,141,0,0,1503
1492747334669,1502,HTTP Request,Non HTTP response code: org.apache.http.conn.ConnectTimeoutException,Non HTTP response message: Connect to 10.138.0.2:80 timed out,Thread Group 37-1,text,false,,1658,0,1,141,0,0,1502
1492747334669,1502,HTTP Request,Non HTTP response code: org.apache.http.conn.ConnectTimeoutException,Non HTTP response message: Connect to 10.138.0.2:80 timed out,Thread Group 10-1,text,false,,1658,0,1,141,0,0,1502
1492747334718,1502,HTTP Request,Non HTTP response code: org.apache.http.conn.ConnectTimeoutException,Non HTTP response message: Connect to 10.138.0.2:80 timed out,Thread Group 7-1,text,false,,1658,0,1,141,0,0,1502
1492747334718,1502,HTTP Request,Non HTTP response code: org.apache.http.conn.ConnectTimeoutException,Non HTTP response message: Connect to 10.138.0.2:80 timed out,Thread Group 63-1,text,false,,1658,0,1,141,0,0,1502
1492747334719,1502,HTTP Request,Non HTTP response code: org.apache.http.conn.ConnectTimeoutException,Non HTTP response message: Connect to 10.138.0.2:80 timed out,Thread Group 110-1,text,false,,1658,0,1,141,0,0,1502
1492747334719,1502,HTTP Request,Non HTTP response code: org.apache.http.conn.ConnectTimeoutException,Non HTTP response message: Connect to 10.138.0.2:80 timed out,Thread Group 44-1,text,false,,1658,0,1,141,0,0,1502
1492747334719,1502,HTTP Request,Non HTTP response code: org.apache.http.conn.ConnectTimeoutException,Non HTTP response message: Connect to 10.138.0.2:80 timed out,Thread Group 47-1,text,false,,1658,0,1,141,0,0,1502
1492747334719,1502,HTTP Request,Non HTTP response code: org.apache.http.conn.ConnectTimeoutException,Non HTTP response message: Connect to 10.138.0.2:80 timed out,Thread Group 80-1,text,false,,1658,0,1,141,0,0,1502
1492747334720,1502,HTTP Request,Non HTTP response code: org.apache.http.conn.ConnectTimeoutException,Non HTTP response message: Connect to 10.138.0.2:80 timed out,Thread Group 48-1,text,false,,1658,0,1,141,0,0,1502
1492747334720,1502,HTTP Request,Non HTTP response code: org.apache.http.conn.ConnectTimeoutException,Non HTTP response message: Connect to 10.138.0.2:80 timed out,Thread Group 99-1,text,false,,1658,0,1,141,0,0,1502
1492747334720,1502,HTTP Request,Non HTTP response code: org.apache.http.conn.ConnectTimeoutException,Non HTTP response message: Connect to 10.138.0.2:80 timed out,Thread Group 94-1,text,false,,1658,0,1,141,0,0,1502
1492747334750,1502,HTTP Request,Non HTTP response code: org.apache.http.conn.ConnectTimeoutException,Non HTTP response message: Connect to 10.138.0.2:80 timed out,Thread Group 118-1,text,false,,1658,0,1,141,0,0,1502
1492747334858,1503,HTTP Request,Non HTTP response code: java.net.SocketTimeoutException,Non HTTP response message: Read timed out,Thread Group 104-1,text,false,,2690,0,1,141,0,0,1
1492747334896,1502,HTTP Request,Non HTTP response code: org.apache.http.conn.ConnectTimeoutException,Non HTTP response message: Connect to 10.138.0.2:80 timed out,Thread Group 93-1,text,false,,1658,0,1,141,0,0,1502
1492747334897,1502,HTTP Request,Non HTTP response code: org.apache.http.conn.ConnectTimeoutException,Non HTTP response message: Connect to 10.138.0.2:80 timed out,Thread Group 126-1,text,false,,1658,0,1,141,0,0,1502
1492747334897,1502,HTTP Request,Non HTTP response code: org.apache.http.conn.ConnectTimeoutException,Non HTTP response message: Connect to 10.138.0.2:80 timed out,Thread Group 113-1,text,false,,1658,0,1,141,0,0,1502
1492747334900,1501,HTTP Request,Non HTTP response code: org.apache.http.conn.ConnectTimeoutException,Non HTTP response message: Connect to 10.138.0.2:80 timed out,Thread Group 135-1,text,false,,1658,0,1,141,0,0,1501
1492747334900,1502,HTTP Request,Non HTTP response code: org.apache.http.conn.ConnectTimeoutException,Non HTTP response message: Connect to 10.138.0.2:80 timed out,Thread Group 136-1,text,false,,1658,0,1,141,0,0,1502
1492747334900,1502,HTTP Request,Non HTTP response code: org.apache.http.conn.ConnectTimeoutException,Non HTTP response message: Connect to 10.138.0.2:80 timed out,Thread Group 29-1,text,false,,1658,0,1,141,0,0,1502
1492747334900,1502,HTTP Request,Non HTTP response code: org.apache.http.conn.ConnectTimeoutException,Non HTTP response message: Connect to 10.138.0.2:80 timed out,Thread Group 121-1,text,false,,1658,0,1,141,0,0,1502
1492747334933,1501,HTTP Request,Non HTTP response code: org.apache.http.conn.ConnectTimeoutException,Non HTTP response message: Connect to 10.138.0.2:80 timed out,Thread Group 129-1,text,false,,1658,0,1,141,0,0,1501
1492747334932,1502,HTTP Request,Non HTTP response code: org.apache.http.conn.ConnectTimeoutException,Non HTTP response message: Connect to 10.138.0.2:80 timed out,Thread Group 109-1,text,false,,1658,0,1,141,0,0,1502
1492747334932,1502,HTTP Request,Non HTTP response code: org.apache.http.conn.ConnectTimeoutException,Non HTTP response message: Connect to 10.138.0.2:80 timed out,Thread Group 28-1,text,false,,1658,0,1,141,0,0,1502
1492747334932,1503,HTTP Request,Non HTTP response code: org.apache.http.conn.ConnectTimeoutException,Non HTTP response message: Connect to 10.138.0.2:80 timed out,Thread Group 132-1,text,false,,1658,0,1,141,0,0,1503
1492747334933,1502,HTTP Request,Non HTTP response code: org.apache.http.conn.ConnectTimeoutException,Non HTTP response message: Connect to 10.138.0.2:80 timed out,Thread Group 19-1,text,false,,1658,0,1,141,0,0,1502
1492747334933,1502,HTTP Request,Non HTTP response code: org.apache.http.conn.ConnectTimeoutException,Non HTTP response message: Connect to 10.138.0.2:80 timed out,Thread Group 22-1,text,false,,1658,0,1,141,0,0,1502
1492747334933,1502,HTTP Request,Non HTTP response code: org.apache.http.conn.ConnectTimeoutException,Non HTTP response message: Connect to 10.138.0.2:80 timed out,Thread Group 16-1,text,false,,1658,0,1,141,0,0,1502
1492747334941,1502,HTTP Request,Non HTTP response code: org.apache.http.conn.ConnectTimeoutException,Non HTTP response message: Connect to 10.138.0.2:80 timed out,Thread Group 8-1,text,false,,1658,0,1,141,0,0,1501
1492747334941,1502,HTTP Request,Non HTTP response code: org.apache.http.conn.ConnectTimeoutException,Non HTTP response message: Connect to 10.138.0.2:80 timed out,Thread Group 13-1,text,false,,1658,0,1,141,0,0,1502
1492747334941,1502,HTTP Request,Non HTTP response code: org.apache.http.conn.ConnectTimeoutException,Non HTTP response message: Connect to 10.138.0.2:80 timed out,Thread Group 71-1,text,false,,1658,0,1,141,0,0,1502
1492747334941,1502,HTTP Request,Non HTTP response code: org.apache.http.conn.ConnectTimeoutException,Non HTTP response message: Connect to 10.138.0.2:80 timed out,Thread Group 79-1,text,false,,1658,0,1,141,0,0,1502
1492747334942,1502,HTTP Request,Non HTTP response code: org.apache.http.conn.ConnectTimeoutException,Non HTTP response message: Connect to 10.138.0.2:80 timed out,Thread Group 140-1,text,false,,1658,0,1,141,0,0,1502
1492747334942,1502,HTTP Request,Non HTTP response code: org.apache.http.conn.ConnectTimeoutException,Non HTTP response message: Connect to 10.138.0.2:80 timed out,Thread Group 86-1,text,false,,1658,0,1,141,0,0,1502
1492747334942,1502,HTTP Request,Non HTTP response code: org.apache.http.conn.ConnectTimeoutException,Non HTTP response message: Connect to 10.138.0.2:80 timed out,Thread Group 25-1,text,false,,1658,0,1,141,0,0,1502
1492747334942,1502,HTTP Request,Non HTTP response code: org.apache.http.conn.ConnectTimeoutException,Non HTTP response message: Connect to 10.138.0.2:80 timed out,Thread Group 78-1,text,false,,1658,0,1,141,0,0,1502
1492747334942,1503,HTTP Request,Non HTTP response code: org.apache.http.conn.ConnectTimeoutException,Non HTTP response message: Connect to 10.138.0.2:80 timed out,Thread Group 26-1,text,false,,1658,0,1,141,0,0,1503
1492747334943,1502,HTTP Request,Non HTTP response code: org.apache.http.conn.ConnectTimeoutException,Non HTTP response message: Connect to 10.138.0.2:80 timed out,Thread Group 106-1,text,false,,1658,0,1,141,0,0,1502
1492747334943,1502,HTTP Request,Non HTTP response code: org.apache.http.conn.ConnectTimeoutException,Non HTTP response message: Connect to 10.138.0.2:80 timed out,Thread Group 73-1,text,false,,1658,0,1,141,0,0,1502
1492747334943,1502,HTTP Request,Non HTTP response code: org.apache.http.conn.ConnectTimeoutException,Non HTTP response message: Connect to 10.138.0.2:80 timed out,Thread Group 32-1,text,false,,1658,0,1,141,0,0,1502
1492747334943,1502,HTTP Request,Non HTTP response code: org.apache.http.conn.ConnectTimeoutException,Non HTTP response message: Connect to 10.138.0.2:80 timed out,Thread Group 102-1,text,false,,1658,0,1,141,0,0,1502
1492747334944,1502,HTTP Request,Non HTTP response code: org.apache.http.conn.ConnectTimeoutException,Non HTTP response message: Connect to 10.138.0.2:80 timed out,Thread Group 31-1,text,false,,1658,0,1,141,0,0,1502
1492747334944,1502,HTTP Request,Non HTTP response code: org.apache.http.conn.ConnectTimeoutException,Non HTTP response message: Connect to 10.138.0.2:80 timed out,Thread Group 43-1,text,false,,1658,0,1,141,0,0,1502
1492747334944,1502,HTTP Request,Non HTTP response code: org.apache.http.conn.ConnectTimeoutException,Non HTTP response message: Connect to 10.138.0.2:80 timed out,Thread Group 40-1,text,false,,1658,0,1,141,0,0,1502
1492747334944,1502,HTTP Request,Non HTTP response code: org.apache.http.conn.ConnectTimeoutException,Non HTTP response message: Connect to 10.138.0.2:80 timed out,Thread Group 14-1,text,false,,1658,0,1,141,0,0,1502
1492747334944,1503,HTTP Request,Non HTTP response code: org.apache.http.conn.ConnectTimeoutException,Non HTTP response message: Connect to 10.138.0.2:80 timed out,Thread Group 4-1,text,false,,1658,0,1,141,0,0,1503
1492747334944,1503,HTTP Request,Non HTTP response code: org.apache.http.conn.ConnectTimeoutException,Non HTTP response message: Connect to 10.138.0.2:80 timed out,Thread Group 49-1,text,false,,1658,0,1,141,0,0,1503
1492747334945,1502,HTTP Request,Non HTTP response code: org.apache.http.conn.ConnectTimeoutException,Non HTTP response message: Connect to 10.138.0.2:80 timed out,Thread Group 122-1,text,false,,1658,0,1,141,0,0,1502
1492747334952,1501,HTTP Request,Non HTTP response code: org.apache.http.conn.ConnectTimeoutException,Non HTTP response message: Connect to 10.138.0.2:80 timed out,Thread Group 101-1,text,false,,1658,0,1,141,0,0,1501
1492747335077,1502,HTTP Request,Non HTTP response code: org.apache.http.conn.ConnectTimeoutException,Non HTTP response message: Connect to 10.138.0.2:80 timed out,Thread Group 103-1,text,false,,1658,0,1,141,0,0,1502
1492747335165,1502,HTTP Request,Non HTTP response code: java.net.SocketTimeoutException,Non HTTP response message: Read timed out,Thread Group 57-1,text,false,,2690,0,1,141,0,0,0
1492747335164,1504,HTTP Request,Non HTTP response code: java.net.SocketTimeoutException,Non HTTP response message: Read timed out,Thread Group 69-1,text,false,,2690,0,1,141,0,0,1
1492747335165,1503,HTTP Request,Non HTTP response code: java.net.SocketTimeoutException,Non HTTP response message: Read timed out,Thread Group 2-1,text,false,,2690,0,1,141,0,0,0
1492747335204,1502,HTTP Request,Non HTTP response code: org.apache.http.conn.ConnectTimeoutException,Non HTTP response message: Connect to 10.138.0.2:80 timed out,Thread Group 65-1,text,false,,1658,0,1,141,0,0,1501
1492747335203,1503,HTTP Request,Non HTTP response code: org.apache.http.conn.ConnectTimeoutException,Non HTTP response message: Connect to 10.138.0.2:80 timed out,Thread Group 62-1,text,false,,1658,0,1,141,0,0,1503
1492747335259,1502,HTTP Request,Non HTTP response code: org.apache.http.conn.ConnectTimeoutException,Non HTTP response message: Connect to 10.138.0.2:80 timed out,Thread Group 116-1,text,false,,1658,0,1,141,0,0,1502
1492747335278,1502,HTTP Request,Non HTTP response code: org.apache.http.conn.ConnectTimeoutException,Non HTTP response message: Connect to 10.138.0.2:80 timed out,Thread Group 130-1,text,false,,1658,0,1,141,0,0,1502
1492747335279,1502,HTTP Request,Non HTTP response code: org.apache.http.conn.ConnectTimeoutException,Non HTTP response message: Connect to 10.138.0.2:80 timed out,Thread Group 52-1,text,false,,1658,0,1,141,0,0,1502
1492747335279,1502,HTTP Request,Non HTTP response code: org.apache.http.conn.ConnectTimeoutException,Non HTTP response message: Connect to 10.138.0.2:80 timed out,Thread Group 15-1,text,false,,1658,0,1,141,0,0,1502
1492747335279,1502,HTTP Request,Non HTTP response code: org.apache.http.conn.ConnectTimeoutException,Non HTTP response message: Connect to 10.138.0.2:80 timed out,Thread Group 18-1,text,false,,1658,0,1,141,0,0,1502
1492747335286,1501,HTTP Request,Non HTTP response code: org.apache.http.conn.ConnectTimeoutException,Non HTTP response message: Connect to 10.138.0.2:80 timed out,Thread Group 88-1,text,false,,1658,0,1,141,0,0,1501
1492747335287,1501,HTTP Request,Non HTTP response code: org.apache.http.conn.ConnectTimeoutException,Non HTTP response message: Connect to 10.138.0.2:80 timed out,Thread Group 96-1,text,false,,1658,0,1,141,0,0,1501
1492747335287,1501,HTTP Request,Non HTTP response code: org.apache.http.conn.ConnectTimeoutException,Non HTTP response message: Connect to 10.138.0.2:80 timed out,Thread Group 27-1,text,false,,1658,0,1,141,0,0,1501
1492747335286,1502,HTTP Request,Non HTTP response code: org.apache.http.conn.ConnectTimeoutException,Non HTTP response message: Connect to 10.138.0.2:80 timed out,Thread Group 35-1,text,false,,1658,0,1,141,0,0,1502
1492747335286,1503,HTTP Request,Non HTTP response code: org.apache.http.conn.ConnectTimeoutException,Non HTTP response message: Connect to 10.138.0.2:80 timed out,Thread Group 105-1,text,false,,1658,0,1,141,0,0,1503
1492747335287,1502,HTTP Request,Non HTTP response code: org.apache.http.conn.ConnectTimeoutException,Non HTTP response message: Connect to 10.138.0.2:80 timed out,Thread Group 138-1,text,false,,1658,0,1,141,0,0,1502
1492747335286,1503,HTTP Request,Non HTTP response code: org.apache.http.conn.ConnectTimeoutException,Non HTTP response message: Connect to 10.138.0.2:80 timed out,Thread Group 55-1,text,false,,1658,0,1,141,0,0,1503
1492747335288,1502,HTTP Request,Non HTTP response code: org.apache.http.conn.ConnectTimeoutException,Non HTTP response message: Connect to 10.138.0.2:80 timed out,Thread Group 11-1,text,false,,1658,0,1,141,0,0,1502
1492747335288,1502,HTTP Request,Non HTTP response code: org.apache.http.conn.ConnectTimeoutException,Non HTTP response message: Connect to 10.138.0.2:80 timed out,Thread Group 75-1,text,false,,1658,0,1,141,0,0,1502
1492747335322,1501,HTTP Request,Non HTTP response code: org.apache.http.conn.ConnectTimeoutException,Non HTTP response message: Connect to 10.138.0.2:80 timed out,Thread Group 58-1,text,false,,1658,0,1,141,0,0,1501
1492747335322,1501,HTTP Request,Non HTTP response code: org.apache.http.conn.ConnectTimeoutException,Non HTTP response message: Connect to 10.138.0.2:80 timed out,Thread Group 53-1,text,false,,1658,0,1,141,0,0,1501
1492747335322,1501,HTTP Request,Non HTTP response code: org.apache.http.conn.ConnectTimeoutException,Non HTTP response message: Connect to 10.138.0.2:80 timed out,Thread Group 51-1,text,false,,1658,0,1,141,0,0,1501
1492747335322,1502,HTTP Request,Non HTTP response code: org.apache.http.conn.ConnectTimeoutException,Non HTTP response message: Connect to 10.138.0.2:80 timed out,Thread Group 131-1,text,false,,1658,0,1,141,0,0,1502
1492747335323,1501,HTTP Request,Non HTTP response code: org.apache.http.conn.ConnectTimeoutException,Non HTTP response message: Connect to 10.138.0.2:80 timed out,Thread Group 139-1,text,false,,1658,0,1,141,0,0,1501
1492747335323,1501,HTTP Request,Non HTTP response code: org.apache.http.conn.ConnectTimeoutException,Non HTTP response message: Connect to 10.138.0.2:80 timed out,Thread Group 90-1,text,false,,1658,0,1,141,0,0,1501
1492747335322,1502,HTTP Request,Non HTTP response code: org.apache.http.conn.ConnectTimeoutException,Non HTTP response message: Connect to 10.138.0.2:80 timed out,Thread Group 36-1,text,false,,1658,0,1,141,0,0,1502
1492747335321,1504,HTTP Request,Non HTTP response code: org.apache.http.conn.ConnectTimeoutException,Non HTTP response message: Connect to 10.138.0.2:80 timed out,Thread Group 120-1,text,false,,1658,0,1,141,0,0,1504
1492747335323,1502,HTTP Request,Non HTTP response code: org.apache.http.conn.ConnectTimeoutException,Non HTTP response message: Connect to 10.138.0.2:80 timed out,Thread Group 81-1,text,false,,1658,0,1,141,0,0,1502
1492747335321,1504,HTTP Request,Non HTTP response code: org.apache.http.conn.ConnectTimeoutException,Non HTTP response message: Connect to 10.138.0.2:80 timed out,Thread Group 134-1,text,false,,1658,0,1,141,0,0,1504
1492747335321,1504,HTTP Request,Non HTTP response code: org.apache.http.conn.ConnectTimeoutException,Non HTTP response message: Connect to 10.138.0.2:80 timed out,Thread Group 127-1,text,false,,1658,0,1,141,0,0,1504
1492747335324,1501,HTTP Request,Non HTTP response code: org.apache.http.conn.ConnectTimeoutException,Non HTTP response message: Connect to 10.138.0.2:80 timed out,Thread Group 66-1,text,false,,1658,0,1,141,0,0,1501
1492747335326,1500,HTTP Request,Non HTTP response code: org.apache.http.conn.ConnectTimeoutException,Non HTTP response message: Connect to 10.138.0.2:80 timed out,Thread Group 67-1,text,false,,1658,0,1,141,0,0,1500
1492747335324,1502,HTTP Request,Non HTTP response code: org.apache.http.conn.ConnectTimeoutException,Non HTTP response message: Connect to 10.138.0.2:80 timed out,Thread Group 5-1,text,false,,1658,0,1,141,0,0,1502
1492747335325,1501,HTTP Request,Non HTTP response code: org.apache.http.conn.ConnectTimeoutException,Non HTTP response message: Connect to 10.138.0.2:80 timed out,Thread Group 124-1,text,false,,1658,0,1,141,0,0,1501
1492747335324,1502,HTTP Request,Non HTTP response code: org.apache.http.conn.ConnectTimeoutException,Non HTTP response message: Connect to 10.138.0.2:80 timed out,Thread Group 60-1,text,false,,1658,0,1,141,0,0,1502
1492747335325,1502,HTTP Request,Non HTTP response code: org.apache.http.conn.ConnectTimeoutException,Non HTTP response message: Connect to 10.138.0.2:80 timed out,Thread Group 76-1,text,false,,1658,0,1,141,0,0,1502
1492747335325,1502,HTTP Request,Non HTTP response code: org.apache.http.conn.ConnectTimeoutException,Non HTTP response message: Connect to 10.138.0.2:80 timed out,Thread Group 21-1,text,false,,1658,0,1,141,0,0,1502
1492747335326,1501,HTTP Request,Non HTTP response code: org.apache.http.conn.ConnectTimeoutException,Non HTTP response message: Connect to 10.138.0.2:80 timed out,Thread Group 70-1,text,false,,1658,0,1,141,0,0,1501
1492747335326,1502,HTTP Request,Non HTTP response code: org.apache.http.conn.ConnectTimeoutException,Non HTTP response message: Connect to 10.138.0.2:80 timed out,Thread Group 34-1,text,false,,1658,0,1,141,0,0,1502
1492747335336,1502,HTTP Request,Non HTTP response code: org.apache.http.conn.ConnectTimeoutException,Non HTTP response message: Connect to 10.138.0.2:80 timed out,Thread Group 46-1,text,false,,1658,0,1,141,0,0,1501
1492747334599,2499,HTTP Request,Non HTTP response code: java.net.SocketTimeoutException,Non HTTP response message: Read timed out,Thread Group 17-1,text,false,,2690,0,1,141,0,0,997
1492747335664,1502,HTTP Request,Non HTTP response code: org.apache.http.conn.ConnectTimeoutException,Non HTTP response message: Connect to 10.138.0.2:80 timed out,Thread Group 56-1,text,false,,1658,0,1,141,0,0,1502
1492747335711,1501,HTTP Request,Non HTTP response code: org.apache.http.conn.ConnectTimeoutException,Non HTTP response message: Connect to 10.138.0.2:80 timed out,Thread Group 6-1,text,false,,1658,0,1,141,0,0,1501
1492747335711,1501,HTTP Request,Non HTTP response code: org.apache.http.conn.ConnectTimeoutException,Non HTTP response message: Connect to 10.138.0.2:80 timed out,Thread Group 72-1,text,false,,1658,0,1,141,0,0,1501
1492747335710,1503,HTTP Request,Non HTTP response code: org.apache.http.conn.ConnectTimeoutException,Non HTTP response message: Connect to 10.138.0.2:80 timed out,Thread Group 30-1,text,false,,1658,0,1,141,0,0,1503
1492747335711,1502,HTTP Request,Non HTTP response code: org.apache.http.conn.ConnectTimeoutException,Non HTTP response message: Connect to 10.138.0.2:80 timed out,Thread Group 64-1,text,false,,1658,0,1,141,0,0,1502
1492747335710,1503,HTTP Request,Non HTTP response code: org.apache.http.conn.ConnectTimeoutException,Non HTTP response message: Connect to 10.138.0.2:80 timed out,Thread Group 41-1,text,false,,1658,0,1,141,0,0,1503
1492747334899,2499,HTTP Request,Non HTTP response code: java.net.SocketTimeoutException,Non HTTP response message: Read timed out,Thread Group 117-1,text,false,,2690,0,1,141,0,0,997
1492747336038,1502,HTTP Request,Non HTTP response code: org.apache.http.conn.ConnectTimeoutException,Non HTTP response message: Connect to 10.138.0.2:80 timed out,Thread Group 74-1,text,false,,1658,0,1,141,0,0,1502
1492747336105,1501,HTTP Request,Non HTTP response code: org.apache.http.conn.ConnectTimeoutException,Non HTTP response message: Connect to 10.138.0.2:80 timed out,Thread Group 85-1,text,false,,1658,0,1,141,0,0,1501
1492747336104,1502,HTTP Request,Non HTTP response code: org.apache.http.conn.ConnectTimeoutException,Non HTTP response message: Connect to 10.138.0.2:80 timed out,Thread Group 3-1,text,false,,1658,0,1,141,0,0,1502
1492747336104,1502,HTTP Request,Non HTTP response code: org.apache.http.conn.ConnectTimeoutException,Non HTTP response message: Connect to 10.138.0.2:80 timed out,Thread Group 68-1,text,false,,1658,0,1,141,0,0,1502
1492747336105,1501,HTTP Request,Non HTTP response code: org.apache.http.conn.ConnectTimeoutException,Non HTTP response message: Connect to 10.138.0.2:80 timed out,Thread Group 77-1,text,false,,1658,0,1,141,0,0,1501
1492747336104,1503,HTTP Request,Non HTTP response code: org.apache.http.conn.ConnectTimeoutException,Non HTTP response message: Connect to 10.138.0.2:80 timed out,Thread Group 33-1,text,false,,1658,0,1,141,0,0,1503
1492747336105,1502,HTTP Request,Non HTTP response code: org.apache.http.conn.ConnectTimeoutException,Non HTTP response message: Connect to 10.138.0.2:80 timed out,Thread Group 39-1,text,false,,1658,0,1,141,0,0,1502
1492747336106,1501,HTTP Request,Non HTTP response code: org.apache.http.conn.ConnectTimeoutException,Non HTTP response message: Connect to 10.138.0.2:80 timed out,Thread Group 114-1,text,false,,1658,0,1,141,0,0,1501
1492747336106,1501,HTTP Request,Non HTTP response code: org.apache.http.conn.ConnectTimeoutException,Non HTTP response message: Connect to 10.138.0.2:80 timed out,Thread Group 119-1,text,false,,1658,0,1,141,0,0,1501
1492747336106,1502,HTTP Request,Non HTTP response code: org.apache.http.conn.ConnectTimeoutException,Non HTTP response message: Connect to 10.138.0.2:80 timed out,Thread Group 108-1,text,false,,1658,0,1,141,0,0,1502
1492747336103,1505,HTTP Request,Non HTTP response code: org.apache.http.conn.ConnectTimeoutException,Non HTTP response message: Connect to 10.138.0.2:80 timed out,Thread Group 24-1,text,false,,1658,0,1,141,0,0,1505
1492747336108,1501,HTTP Request,Non HTTP response code: org.apache.http.conn.ConnectTimeoutException,Non HTTP response message: Connect to 10.138.0.2:80 timed out,Thread Group 9-1,text,false,,1658,0,1,141,0,0,1501
1492747336108,1502,HTTP Request,Non HTTP response code: org.apache.http.conn.ConnectTimeoutException,Non HTTP response message: Connect to 10.138.0.2:80 timed out,Thread Group 23-1,text,false,,1658,0,1,141,0,0,1502
1492747336108,1502,HTTP Request,Non HTTP response code: org.apache.http.conn.ConnectTimeoutException,Non HTTP response message: Connect to 10.138.0.2:80 timed out,Thread Group 59-1,text,false,,1658,0,1,141,0,0,1502
1492747336118,1502,HTTP Request,Non HTTP response code: java.net.SocketTimeoutException,Non HTTP response message: Read timed out,Thread Group 141-1,text,false,,2690,0,1,141,0,0,1
1492747336118,1502,HTTP Request,Non HTTP response code: java.net.SocketTimeoutException,Non HTTP response message: Read timed out,Thread Group 111-1,text,false,,2690,0,1,141,0,0,0
1492747336135,1501,HTTP Request,Non HTTP response code: org.apache.http.conn.ConnectTimeoutException,Non HTTP response message: Connect to 10.138.0.2:80 timed out,Thread Group 133-1,text,false,,1658,0,1,141,0,0,1501
1492747336136,1500,HTTP Request,Non HTTP response code: org.apache.http.conn.ConnectTimeoutException,Non HTTP response message: Connect to 10.138.0.2:80 timed out,Thread Group 123-1,text,false,,1658,0,1,141,0,0,1500
1492747336141,1503,HTTP Request,Non HTTP response code: org.apache.http.conn.ConnectTimeoutException,Non HTTP response message: Connect to 10.138.0.2:80 timed out,Thread Group 92-1,text,false,,1658,0,1,141,0,0,1503
1492747336141,1503,HTTP Request,Non HTTP response code: org.apache.http.conn.ConnectTimeoutException,Non HTTP response message: Connect to 10.138.0.2:80 timed out,Thread Group 50-1,text,false,,1658,0,1,141,0,0,1503
1492747336140,1504,HTTP Request,Non HTTP response code: org.apache.http.conn.ConnectTimeoutException,Non HTTP response message: Connect to 10.138.0.2:80 timed out,Thread Group 112-1,text,false,,1658,0,1,141,0,0,1504
1492747336140,1504,HTTP Request,Non HTTP response code: org.apache.http.conn.ConnectTimeoutException,Non HTTP response message: Connect to 10.138.0.2:80 timed out,Thread Group 42-1,text,false,,1658,0,1,141,0,0,1504
1492747336139,1506,HTTP Request,Non HTTP response code: org.apache.http.conn.ConnectTimeoutException,Non HTTP response message: Connect to 10.138.0.2:80 timed out,Thread Group 61-1,text,false,,1658,0,1,141,0,0,1506
1492747336139,1506,HTTP Request,Non HTTP response code: org.apache.http.conn.ConnectTimeoutException,Non HTTP response message: Connect to 10.138.0.2:80 timed out,Thread Group 107-1,text,false,,1658,0,1,141,0,0,1506
1492747336140,1505,HTTP Request,Non HTTP response code: org.apache.http.conn.ConnectTimeoutException,Non HTTP response message: Connect to 10.138.0.2:80 timed out,Thread Group 95-1,text,false,,1658,0,1,141,0,0,1505
1492747336139,1506,HTTP Request,Non HTTP response code: org.apache.http.conn.ConnectTimeoutException,Non HTTP response message: Connect to 10.138.0.2:80 timed out,Thread Group 89-1,text,false,,1658,0,1,141,0,0,1506
1492747336138,1507,HTTP Request,Non HTTP response code: org.apache.http.conn.ConnectTimeoutException,Non HTTP response message: Connect to 10.138.0.2:80 timed out,Thread Group 100-1,text,false,,1658,0,1,141,0,0,1507
1492747336138,1508,HTTP Request,Non HTTP response code: org.apache.http.conn.ConnectTimeoutException,Non HTTP response message: Connect to 10.138.0.2:80 timed out,Thread Group 12-1,text,false,,1658,0,1,141,0,0,1508
1492747336138,1508,HTTP Request,Non HTTP response code: org.apache.http.conn.ConnectTimeoutException,Non HTTP response message: Connect to 10.138.0.2:80 timed out,Thread Group 115-1,text,false,,1658,0,1,141,0,0,1508
1492747336136,1510,HTTP Request,Non HTTP response code: org.apache.http.conn.ConnectTimeoutException,Non HTTP response message: Connect to 10.138.0.2:80 timed out,Thread Group 87-1,text,false,,1658,0,1,141,0,0,1510
1492747336137,1509,HTTP Request,Non HTTP response code: org.apache.http.conn.ConnectTimeoutException,Non HTTP response message: Connect to 10.138.0.2:80 timed out,Thread Group 125-1,text,false,,1658,0,1,141,0,0,1509
1492747336136,1510,HTTP Request,Non HTTP response code: org.apache.http.conn.ConnectTimeoutException,Non HTTP response message: Connect to 10.138.0.2:80 timed out,Thread Group 91-1,text,false,,1658,0,1,141,0,0,1510
1492747336136,1511,HTTP Request,Non HTTP response code: org.apache.http.conn.ConnectTimeoutException,Non HTTP response message: Connect to 10.138.0.2:80 timed out,Thread Group 84-1,text,false,,1658,0,1,141,0,0,1511
1492747336141,1502,HTTP Request,Non HTTP response code: org.apache.http.conn.ConnectTimeoutException,Non HTTP response message: Connect to 10.138.0.2:80 timed out,Thread Group 137-1,text,false,,1658,0,1,141,0,0,1502
1492747336135,1502,HTTP Request,Non HTTP response code: org.apache.http.conn.ConnectTimeoutException,Non HTTP response message: Connect to 10.138.0.2:80 timed out,Thread Group 128-1,text,false,,1658,0,1,141,0,0,1502
1492747336135,1502,HTTP Request,Non HTTP response code: org.apache.http.conn.ConnectTimeoutException,Non HTTP response message: Connect to 10.138.0.2:80 timed out,Thread Group 98-1,text,false,,1658,0,1,141,0,0,1502
1492747336135,1502,HTTP Request,Non HTTP response code: org.apache.http.conn.ConnectTimeoutException,Non HTTP response message: Connect to 10.138.0.2:80 timed out,Thread Group 97-1,text,false,,1658,0,1,141,0,0,1502
1492747336171,1502,HTTP Request,Non HTTP response code: org.apache.http.conn.ConnectTimeoutException,Non HTTP response message: Connect to 10.138.0.2:80 timed out,Thread Group 37-1,text,false,,1658,0,1,141,0,0,1502
1492747336171,1502,HTTP Request,Non HTTP response code: org.apache.http.conn.ConnectTimeoutException,Non HTTP response message: Connect to 10.138.0.2:80 timed out,Thread Group 10-1,text,false,,1658,0,1,141,0,0,1502
1492747336220,1502,HTTP Request,Non HTTP response code: org.apache.http.conn.ConnectTimeoutException,Non HTTP response message: Connect to 10.138.0.2:80 timed out,Thread Group 7-1,text,false,,1658,0,1,141,0,0,1502
1492747336221,1502,HTTP Request,Non HTTP response code: org.apache.http.conn.ConnectTimeoutException,Non HTTP response message: Connect to 10.138.0.2:80 timed out,Thread Group 63-1,text,false,,1658,0,1,141,0,0,1502
1492747336221,1502,HTTP Request,Non HTTP response code: org.apache.http.conn.ConnectTimeoutException,Non HTTP response message: Connect to 10.138.0.2:80 timed out,Thread Group 110-1,text,false,,1658,0,1,141,0,0,1502
1492747336221,1503,HTTP Request,Non HTTP response code: org.apache.http.conn.ConnectTimeoutException,Non HTTP response message: Connect to 10.138.0.2:80 timed out,Thread Group 47-1,text,false,,1658,0,1,141,0,0,1503
1492747336221,1503,HTTP Request,Non HTTP response code: org.apache.http.conn.ConnectTimeoutException,Non HTTP response message: Connect to 10.138.0.2:80 timed out,Thread Group 80-1,text,false,,1658,0,1,141,0,0,1503
1492747336222,1502,HTTP Request,Non HTTP response code: org.apache.http.conn.ConnectTimeoutException,Non HTTP response message: Connect to 10.138.0.2:80 timed out,Thread Group 48-1,text,false,,1658,0,1,141,0,0,1502
1492747336222,1502,HTTP Request,Non HTTP response code: org.apache.http.conn.ConnectTimeoutException,Non HTTP response message: Connect to 10.138.0.2:80 timed out,Thread Group 99-1,text,false,,1658,0,1,141,0,0,1502
1492747336222,1503,HTTP Request,Non HTTP response code: org.apache.http.conn.ConnectTimeoutException,Non HTTP response message: Connect to 10.138.0.2:80 timed out,Thread Group 94-1,text,false,,1658,0,1,141,0,0,1503
1492747336221,1502,HTTP Request,Non HTTP response code: org.apache.http.conn.ConnectTimeoutException,Non HTTP response message: Connect to 10.138.0.2:80 timed out,Thread Group 44-1,text,false,,1658,0,1,141,0,0,1502
1492747336252,1502,HTTP Request,Non HTTP response code: org.apache.http.conn.ConnectTimeoutException,Non HTTP response message: Connect to 10.138.0.2:80 timed out,Thread Group 118-1,text,false,,1658,0,1,141,0,0,1502
1492747336361,1502,HTTP Request,Non HTTP response code: org.apache.http.conn.ConnectTimeoutException,Non HTTP response message: Connect to 10.138.0.2:80 timed out,Thread Group 104-1,text,false,,1658,0,1,141,0,0,1502
1492747336399,1501,HTTP Request,Non HTTP response code: org.apache.http.conn.ConnectTimeoutException,Non HTTP response message: Connect to 10.138.0.2:80 timed out,Thread Group 93-1,text,false,,1658,0,1,141,0,0,1501
1492747336399,1502,HTTP Request,Non HTTP response code: org.apache.http.conn.ConnectTimeoutException,Non HTTP response message: Connect to 10.138.0.2:80 timed out,Thread Group 126-1,text,false,,1658,0,1,141,0,0,1502
1492747336399,1502,HTTP Request,Non HTTP response code: org.apache.http.conn.ConnectTimeoutException,Non HTTP response message: Connect to 10.138.0.2:80 timed out,Thread Group 113-1,text,false,,1658,0,1,141,0,0,1502
1492747336402,1501,HTTP Request,Non HTTP response code: org.apache.http.conn.ConnectTimeoutException,Non HTTP response message: Connect to 10.138.0.2:80 timed out,Thread Group 135-1,text,false,,1658,0,1,141,0,0,1501
1492747336402,1502,HTTP Request,Non HTTP response code: org.apache.http.conn.ConnectTimeoutException,Non HTTP response message: Connect to 10.138.0.2:80 timed out,Thread Group 136-1,text,false,,1658,0,1,141,0,0,1502
1492747336402,1502,HTTP Request,Non HTTP response code: org.apache.http.conn.ConnectTimeoutException,Non HTTP response message: Connect to 10.138.0.2:80 timed out,Thread Group 29-1,text,false,,1658,0,1,141,0,0,1502
1492747336402,1502,HTTP Request,Non HTTP response code: org.apache.http.conn.ConnectTimeoutException,Non HTTP response message: Connect to 10.138.0.2:80 timed out,Thread Group 121-1,text,false,,1658,0,1,141,0,0,1502
1492747336434,1502,HTTP Request,Non HTTP response code: org.apache.http.conn.ConnectTimeoutException,Non HTTP response message: Connect to 10.138.0.2:80 timed out,Thread Group 129-1,text,false,,1658,0,1,141,0,0,1502
1492747336434,1502,HTTP Request,Non HTTP response code: org.apache.http.conn.ConnectTimeoutException,Non HTTP response message: Connect to 10.138.0.2:80 timed out,Thread Group 109-1,text,false,,1658,0,1,141,0,0,1502
1492747336434,1502,HTTP Request,Non HTTP response code: org.apache.http.conn.ConnectTimeoutException,Non HTTP response message: Connect to 10.138.0.2:80 timed out,Thread Group 28-1,text,false,,1658,0,1,141,0,0,1502
1492747336435,1502,HTTP Request,Non HTTP response code: org.apache.http.conn.ConnectTimeoutException,Non HTTP response message: Connect to 10.138.0.2:80 timed out,Thread Group 132-1,text,false,,1658,0,1,141,0,0,1502
1492747336435,1502,HTTP Request,Non HTTP response code: org.apache.http.conn.ConnectTimeoutException,Non HTTP response message: Connect to 10.138.0.2:80 timed out,Thread Group 19-1,text,false,,1658,0,1,141,0,0,1502
1492747336435,1502,HTTP Request,Non HTTP response code: org.apache.http.conn.ConnectTimeoutException,Non HTTP response message: Connect to 10.138.0.2:80 timed out,Thread Group 22-1,text,false,,1658,0,1,141,0,0,1502
1492747336443,1501,HTTP Request,Non HTTP response code: org.apache.http.conn.ConnectTimeoutException,Non HTTP response message: Connect to 10.138.0.2:80 timed out,Thread Group 8-1,text,false,,1658,0,1,141,0,0,1501
1492747336443,1501,HTTP Request,Non HTTP response code: org.apache.http.conn.ConnectTimeoutException,Non HTTP response message: Connect to 10.138.0.2:80 timed out,Thread Group 13-1,text,false,,1658,0,1,141,0,0,1501
1492747336443,1501,HTTP Request,Non HTTP response code: org.apache.http.conn.ConnectTimeoutException,Non HTTP response message: Connect to 10.138.0.2:80 timed out,Thread Group 71-1,text,false,,1658,0,1,141,0,0,1501
1492747336444,1501,HTTP Request,Non HTTP response code: org.apache.http.conn.ConnectTimeoutException,Non HTTP response message: Connect to 10.138.0.2:80 timed out,Thread Group 140-1,text,false,,1658,0,1,141,0,0,1501
1492747336444,1502,HTTP Request,Non HTTP response code: org.apache.http.conn.ConnectTimeoutException,Non HTTP response message: Connect to 10.138.0.2:80 timed out,Thread Group 86-1,text,false,,1658,0,1,141,0,0,1502
1492747336444,1502,HTTP Request,Non HTTP response code: org.apache.http.conn.ConnectTimeoutException,Non HTTP response message: Connect to 10.138.0.2:80 timed out,Thread Group 25-1,text,false,,1658,0,1,141,0,0,1502
1492747336444,1502,HTTP Request,Non HTTP response code: org.apache.http.conn.ConnectTimeoutException,Non HTTP response message: Connect to 10.138.0.2:80 timed out,Thread Group 78-1,text,false,,1658,0,1,141,0,0,1502
1492747336445,1501,HTTP Request,Non HTTP response code: org.apache.http.conn.ConnectTimeoutException,Non HTTP response message: Connect to 10.138.0.2:80 timed out,Thread Group 26-1,text,false,,1658,0,1,141,0,0,1501
1492747336445,1502,HTTP Request,Non HTTP response code: org.apache.http.conn.ConnectTimeoutException,Non HTTP response message: Connect to 10.138.0.2:80 timed out,Thread Group 106-1,text,false,,1658,0,1,141,0,0,1502
1492747336445,1502,HTTP Request,Non HTTP response code: org.apache.http.conn.ConnectTimeoutException,Non HTTP response message: Connect to 10.138.0.2:80 timed out,Thread Group 73-1,text,false,,1658,0,1,141,0,0,1502
1492747336445,1502,HTTP Request,Non HTTP response code: org.apache.http.conn.ConnectTimeoutException,Non HTTP response message: Connect to 10.138.0.2:80 timed out,Thread Group 32-1,text,false,,1658,0,1,141,0,0,1502
1492747336446,1501,HTTP Request,Non HTTP response code: org.apache.http.conn.ConnectTimeoutException,Non HTTP response message: Connect to 10.138.0.2:80 timed out,Thread Group 102-1,text,false,,1658,0,1,141,0,0,1501
1492747336446,1502,HTTP Request,Non HTTP response code: org.apache.http.conn.ConnectTimeoutException,Non HTTP response message: Connect to 10.138.0.2:80 timed out,Thread Group 43-1,text,false,,1658,0,1,141,0,0,1502
1492747336446,1502,HTTP Request,Non HTTP response code: org.apache.http.conn.ConnectTimeoutException,Non HTTP response message: Connect to 10.138.0.2:80 timed out,Thread Group 40-1,text,false,,1658,0,1,141,0,0,1502
1492747336446,1502,HTTP Request,Non HTTP response code: org.apache.http.conn.ConnectTimeoutException,Non HTTP response message: Connect to 10.138.0.2:80 timed out,Thread Group 14-1,text,false,,1658,0,1,141,0,0,1502
1492747336447,1501,HTTP Request,Non HTTP response code: org.apache.http.conn.ConnectTimeoutException,Non HTTP response message: Connect to 10.138.0.2:80 timed out,Thread Group 4-1,text,false,,1658,0,1,141,0,0,1501
1492747336447,1501,HTTP Request,Non HTTP response code: org.apache.http.conn.ConnectTimeoutException,Non HTTP response message: Connect to 10.138.0.2:80 timed out,Thread Group 49-1,text,false,,1658,0,1,141,0,0,1501
1492747336447,1502,HTTP Request,Non HTTP response code: org.apache.http.conn.ConnectTimeoutException,Non HTTP response message: Connect to 10.138.0.2:80 timed out,Thread Group 122-1,text,false,,1658,0,1,141,0,0,1502
1492747336443,1506,HTTP Request,Non HTTP response code: org.apache.http.conn.ConnectTimeoutException,Non HTTP response message: Connect to 10.138.0.2:80 timed out,Thread Group 79-1,text,false,,1658,0,1,141,0,0,1506
1492747336446,1503,HTTP Request,Non HTTP response code: org.apache.http.conn.ConnectTimeoutException,Non HTTP response message: Connect to 10.138.0.2:80 timed out,Thread Group 31-1,text,false,,1658,0,1,141,0,0,1503
1492747336454,1501,HTTP Request,Non HTTP response code: org.apache.http.conn.ConnectTimeoutException,Non HTTP response message: Connect to 10.138.0.2:80 timed out,Thread Group 101-1,text,false,,1658,0,1,141,0,0,1501
1492747336579,1502,HTTP Request,Non HTTP response code: org.apache.http.conn.ConnectTimeoutException,Non HTTP response message: Connect to 10.138.0.2:80 timed out,Thread Group 103-1,text,false,,1658,0,1,141,0,0,1502
1492747336667,1502,HTTP Request,Non HTTP response code: org.apache.http.conn.ConnectTimeoutException,Non HTTP response message: Connect to 10.138.0.2:80 timed out,Thread Group 57-1,text,false,,1658,0,1,141,0,0,1502
1492747336668,1502,HTTP Request,Non HTTP response code: org.apache.http.conn.ConnectTimeoutException,Non HTTP response message: Connect to 10.138.0.2:80 timed out,Thread Group 69-1,text,false,,1658,0,1,141,0,0,1502
1492747336668,1502,HTTP Request,Non HTTP response code: org.apache.http.conn.ConnectTimeoutException,Non HTTP response message: Connect to 10.138.0.2:80 timed out,Thread Group 2-1,text,false,,1658,0,1,141,0,0,1502
1492747336706,1502,HTTP Request,Non HTTP response code: org.apache.http.conn.ConnectTimeoutException,Non HTTP response message: Connect to 10.138.0.2:80 timed out,Thread Group 62-1,text,false,,1658,0,1,141,0,0,1502
1492747336706,1502,HTTP Request,Non HTTP response code: org.apache.http.conn.ConnectTimeoutException,Non HTTP response message: Connect to 10.138.0.2:80 timed out,Thread Group 65-1,text,false,,1658,0,1,141,0,0,1502
1492747336762,1502,HTTP Request,Non HTTP response code: org.apache.http.conn.ConnectTimeoutException,Non HTTP response message: Connect to 10.138.0.2:80 timed out,Thread Group 116-1,text,false,,1658,0,1,141,0,0,1502
1492747336780,1502,HTTP Request,Non HTTP response code: org.apache.http.conn.ConnectTimeoutException,Non HTTP response message: Connect to 10.138.0.2:80 timed out,Thread Group 130-1,text,false,,1658,0,1,141,0,0,1502
1492747336781,1502,HTTP Request,Non HTTP response code: org.apache.http.conn.ConnectTimeoutException,Non HTTP response message: Connect to 10.138.0.2:80 timed out,Thread Group 52-1,text,false,,1658,0,1,141,0,0,1502
1492747336781,1502,HTTP Request,Non HTTP response code: org.apache.http.conn.ConnectTimeoutException,Non HTTP response message: Connect to 10.138.0.2:80 timed out,Thread Group 15-1,text,false,,1658,0,1,141,0,0,1502
1492747336781,1503,HTTP Request,Non HTTP response code: org.apache.http.conn.ConnectTimeoutException,Non HTTP response message: Connect to 10.138.0.2:80 timed out,Thread Group 18-1,text,false,,1658,0,1,141,0,0,1503
1492747336790,1502,HTTP Request,Non HTTP response code: java.net.SocketTimeoutException,Non HTTP response message: Read timed out,Thread Group 11-1,text,false,,2690,0,1,141,0,0,0
1492747336788,1504,HTTP Request,Non HTTP response code: java.net.SocketTimeoutException,Non HTTP response message: Read timed out,Thread Group 96-1,text,false,,2690,0,1,141,0,0,2
1492747336788,1504,HTTP Request,Non HTTP response code: java.net.SocketTimeoutException,Non HTTP response message: Read timed out,Thread Group 35-1,text,false,,2690,0,1,141,0,0,2
1492747336789,1504,HTTP Request,Non HTTP response code: java.net.SocketTimeoutException,Non HTTP response message: Read timed out,Thread Group 105-1,text,false,,2690,0,1,141,0,0,2
1492747336790,1503,HTTP Request,Non HTTP response code: java.net.SocketTimeoutException,Non HTTP response message: Read timed out,Thread Group 75-1,text,false,,2690,0,1,141,0,0,1
1492747336790,1503,HTTP Request,Non HTTP response code: java.net.SocketTimeoutException,Non HTTP response message: Read timed out,Thread Group 88-1,text,false,,2690,0,1,141,0,0,1
1492747336788,1505,HTTP Request,Non HTTP response code: java.net.SocketTimeoutException,Non HTTP response message: Read timed out,Thread Group 27-1,text,false,,2690,0,1,141,0,0,3
1492747336789,1505,HTTP Request,Non HTTP response code: java.net.SocketTimeoutException,Non HTTP response message: Read timed out,Thread Group 138-1,text,false,,2690,0,1,141,0,0,2
1492747336789,1505,HTTP Request,Non HTTP response code: java.net.SocketTimeoutException,Non HTTP response message: Read timed out,Thread Group 55-1,text,false,,2690,0,1,141,0,0,2
1492747336823,1502,HTTP Request,Non HTTP response code: org.apache.http.conn.ConnectTimeoutException,Non HTTP response message: Connect to 10.138.0.2:80 timed out,Thread Group 58-1,text,false,,1658,0,1,141,0,0,1502
1492747336823,1502,HTTP Request,Non HTTP response code: org.apache.http.conn.ConnectTimeoutException,Non HTTP response message: Connect to 10.138.0.2:80 timed out,Thread Group 53-1,text,false,,1658,0,1,141,0,0,1502
1492747336824,1501,HTTP Request,Non HTTP response code: org.apache.http.conn.ConnectTimeoutException,Non HTTP response message: Connect to 10.138.0.2:80 timed out,Thread Group 131-1,text,false,,1658,0,1,141,0,0,1501
1492747336824,1502,HTTP Request,Non HTTP response code: org.apache.http.conn.ConnectTimeoutException,Non HTTP response message: Connect to 10.138.0.2:80 timed out,Thread Group 139-1,text,false,,1658,0,1,141,0,0,1502
1492747336824,1502,HTTP Request,Non HTTP response code: org.apache.http.conn.ConnectTimeoutException,Non HTTP response message: Connect to 10.138.0.2:80 timed out,Thread Group 90-1,text,false,,1658,0,1,141,0,0,1502
1492747336824,1502,HTTP Request,Non HTTP response code: org.apache.http.conn.ConnectTimeoutException,Non HTTP response message: Connect to 10.138.0.2:80 timed out,Thread Group 36-1,text,false,,1658,0,1,141,0,0,1502
1492747336825,1501,HTTP Request,Non HTTP response code: org.apache.http.conn.ConnectTimeoutException,Non HTTP response message: Connect to 10.138.0.2:80 timed out,Thread Group 120-1,text,false,,1658,0,1,141,0,0,1501
1492747336825,1502,HTTP Request,Non HTTP response code: org.apache.http.conn.ConnectTimeoutException,Non HTTP response message: Connect to 10.138.0.2:80 timed out,Thread Group 81-1,text,false,,1658,0,1,141,0,0,1502
1492747336825,1502,HTTP Request,Non HTTP response code: org.apache.http.conn.ConnectTimeoutException,Non HTTP response message: Connect to 10.138.0.2:80 timed out,Thread Group 134-1,text,false,,1658,0,1,141,0,0,1502
1492747336823,1504,HTTP Request,Non HTTP response code: org.apache.http.conn.ConnectTimeoutException,Non HTTP response message: Connect to 10.138.0.2:80 timed out,Thread Group 51-1,text,false,,1658,0,1,141,0,0,1504
1492747336826,1502,HTTP Request,Non HTTP response code: org.apache.http.conn.ConnectTimeoutException,Non HTTP response message: Connect to 10.138.0.2:80 timed out,Thread Group 66-1,text,false,,1658,0,1,141,0,0,1502
1492747336826,1502,HTTP Request,Non HTTP response code: org.apache.http.conn.ConnectTimeoutException,Non HTTP response message: Connect to 10.138.0.2:80 timed out,Thread Group 67-1,text,false,,1658,0,1,141,0,0,1502
1492747336826,1502,HTTP Request,Non HTTP response code: org.apache.http.conn.ConnectTimeoutException,Non HTTP response message: Connect to 10.138.0.2:80 timed out,Thread Group 5-1,text,false,,1658,0,1,141,0,0,1502
1492747336826,1502,HTTP Request,Non HTTP response code: org.apache.http.conn.ConnectTimeoutException,Non HTTP response message: Connect to 10.138.0.2:80 timed out,Thread Group 124-1,text,false,,1658,0,1,141,0,0,1502
1492747336826,1503,HTTP Request,Non HTTP response code: org.apache.http.conn.ConnectTimeoutException,Non HTTP response message: Connect to 10.138.0.2:80 timed out,Thread Group 60-1,text,false,,1658,0,1,141,0,0,1503
1492747336827,1502,HTTP Request,Non HTTP response code: org.apache.http.conn.ConnectTimeoutException,Non HTTP response message: Connect to 10.138.0.2:80 timed out,Thread Group 76-1,text,false,,1658,0,1,141,0,0,1502
1492747336827,1502,HTTP Request,Non HTTP response code: org.apache.http.conn.ConnectTimeoutException,Non HTTP response message: Connect to 10.138.0.2:80 timed out,Thread Group 21-1,text,false,,1658,0,1,141,0,0,1502
1492747336827,1502,HTTP Request,Non HTTP response code: org.apache.http.conn.ConnectTimeoutException,Non HTTP response message: Connect to 10.138.0.2:80 timed out,Thread Group 70-1,text,false,,1658,0,1,141,0,0,1502
1492747336828,1502,HTTP Request,Non HTTP response code: org.apache.http.conn.ConnectTimeoutException,Non HTTP response message: Connect to 10.138.0.2:80 timed out,Thread Group 34-1,text,false,,1658,0,1,141,0,0,1502
1492747336825,1505,HTTP Request,Non HTTP response code: org.apache.http.conn.ConnectTimeoutException,Non HTTP response message: Connect to 10.138.0.2:80 timed out,Thread Group 127-1,text,false,,1658,0,1,141,0,0,1505
1492747336838,1501,HTTP Request,Non HTTP response code: org.apache.http.conn.ConnectTimeoutException,Non HTTP response message: Connect to 10.138.0.2:80 timed out,Thread Group 46-1,text,false,,1658,0,1,141,0,0,1501
1492747337098,1502,HTTP Request,Non HTTP response code: org.apache.http.conn.ConnectTimeoutException,Non HTTP response message: Connect to 10.138.0.2:80 timed out,Thread Group 17-1,text,false,,1658,0,1,141,0,0,1502
1492747336102,2500,HTTP Request,Non HTTP response code: java.net.SocketTimeoutException,Non HTTP response message: Read timed out,Thread Group 82-1,text,false,,2690,0,1,141,0,0,998
1492747336103,2499,HTTP Request,Non HTTP response code: java.net.SocketTimeoutException,Non HTTP response message: Read timed out,Thread Group 1-1,text,false,,2690,0,1,141,0,0,997
1492747336102,2500,HTTP Request,Non HTTP response code: java.net.SocketTimeoutException,Non HTTP response message: Read timed out,Thread Group 83-1,text,false,,2690,0,1,141,0,0,998
1492747336102,2501,HTTP Request,Non HTTP response code: java.net.SocketTimeoutException,Non HTTP response message: Read timed out,Thread Group 54-1,text,false,,2690,0,1,141,0,0,998
1492747336103,2500,HTTP Request,Non HTTP response code: java.net.SocketTimeoutException,Non HTTP response message: Read timed out,Thread Group 38-1,text,false,,2690,0,1,141,0,0,997
1492747336103,2500,HTTP Request,Non HTTP response code: java.net.SocketTimeoutException,Non HTTP response message: Read timed out,Thread Group 20-1,text,false,,2690,0,1,141,0,0,997
1492747336100,2503,HTTP Request,Non HTTP response code: java.net.SocketTimeoutException,Non HTTP response message: Read timed out,Thread Group 45-1,text,false,,2690,0,1,141,0,0,1000
1492747337212,1502,HTTP Request,Non HTTP response code: org.apache.http.conn.ConnectTimeoutException,Non HTTP response message: Connect to 10.138.0.2:80 timed out,Thread Group 6-1,text,false,,1658,0,1,141,0,0,1502
1492747337213,1502,HTTP Request,Non HTTP response code: org.apache.http.conn.ConnectTimeoutException,Non HTTP response message: Connect to 10.138.0.2:80 timed out,Thread Group 72-1,text,false,,1658,0,1,141,0,0,1502
1492747337213,1502,HTTP Request,Non HTTP response code: org.apache.http.conn.ConnectTimeoutException,Non HTTP response message: Connect to 10.138.0.2:80 timed out,Thread Group 30-1,text,false,,1658,0,1,141,0,0,1502
1492747337213,1504,HTTP Request,Non HTTP response code: org.apache.http.conn.ConnectTimeoutException,Non HTTP response message: Connect to 10.138.0.2:80 timed out,Thread Group 41-1,text,false,,1658,0,1,141,0,0,1504
1492747337213,1502,HTTP Request,Non HTTP response code: org.apache.http.conn.ConnectTimeoutException,Non HTTP response message: Connect to 10.138.0.2:80 timed out,Thread Group 64-1,text,false,,1658,0,1,141,0,0,1502
1492747336435,2503,HTTP Request,Non HTTP response code: java.net.SocketTimeoutException,Non HTTP response message: Read timed out,Thread Group 16-1,text,false,,2690,0,1,141,0,0,1001
1492747337540,1502,HTTP Request,Non HTTP response code: org.apache.http.conn.ConnectTimeoutException,Non HTTP response message: Connect to 10.138.0.2:80 timed out,Thread Group 74-1,text,false,,1658,0,1,141,0,0,1502
1492747337606,1502,HTTP Request,Non HTTP response code: org.apache.http.conn.ConnectTimeoutException,Non HTTP response message: Connect to 10.138.0.2:80 timed out,Thread Group 85-1,text,false,,1658,0,1,141,0,0,1502
1492747337606,1502,HTTP Request,Non HTTP response code: org.apache.http.conn.ConnectTimeoutException,Non HTTP response message: Connect to 10.138.0.2:80 timed out,Thread Group 3-1,text,false,,1658,0,1,141,0,0,1502
1492747337606,1502,HTTP Request,Non HTTP response code: org.apache.http.conn.ConnectTimeoutException,Non HTTP response message: Connect to 10.138.0.2:80 timed out,Thread Group 68-1,text,false,,1658,0,1,141,0,0,1502
1492747337607,1502,HTTP Request,Non HTTP response code: org.apache.http.conn.ConnectTimeoutException,Non HTTP response message: Connect to 10.138.0.2:80 timed out,Thread Group 77-1,text,false,,1658,0,1,141,0,0,1502
1492747337607,1502,HTTP Request,Non HTTP response code: org.apache.http.conn.ConnectTimeoutException,Non HTTP response message: Connect to 10.138.0.2:80 timed out,Thread Group 33-1,text,false,,1658,0,1,141,0,0,1502
1492747337607,1502,HTTP Request,Non HTTP response code: org.apache.http.conn.ConnectTimeoutException,Non HTTP response message: Connect to 10.138.0.2:80 timed out,Thread Group 39-1,text,false,,1658,0,1,141,0,0,1502
1492747337607,1502,HTTP Request,Non HTTP response code: org.apache.http.conn.ConnectTimeoutException,Non HTTP response message: Connect to 10.138.0.2:80 timed out,Thread Group 114-1,text,false,,1658,0,1,141,0,0,1502
1492747337608,1502,HTTP Request,Non HTTP response code: org.apache.http.conn.ConnectTimeoutException,Non HTTP response message: Connect to 10.138.0.2:80 timed out,Thread Group 108-1,text,false,,1658,0,1,141,0,0,1502
1492747337608,1502,HTTP Request,Non HTTP response code: org.apache.http.conn.ConnectTimeoutException,Non HTTP response message: Connect to 10.138.0.2:80 timed out,Thread Group 24-1,text,false,,1658,0,1,141,0,0,1502
1492747337607,1503,HTTP Request,Non HTTP response code: org.apache.http.conn.ConnectTimeoutException,Non HTTP response message: Connect to 10.138.0.2:80 timed out,Thread Group 119-1,text,false,,1658,0,1,141,0,0,1503
1492747337610,1501,HTTP Request,Non HTTP response code: org.apache.http.conn.ConnectTimeoutException,Non HTTP response message: Connect to 10.138.0.2:80 timed out,Thread Group 9-1,text,false,,1658,0,1,141,0,0,1501
1492747337610,1502,HTTP Request,Non HTTP response code: org.apache.http.conn.ConnectTimeoutException,Non HTTP response message: Connect to 10.138.0.2:80 timed out,Thread Group 59-1,text,false,,1658,0,1,141,0,0,1502
1492747337610,1502,HTTP Request,Non HTTP response code: org.apache.http.conn.ConnectTimeoutException,Non HTTP response message: Connect to 10.138.0.2:80 timed out,Thread Group 23-1,text,false,,1658,0,1,141,0,0,1502
1492747337620,1502,HTTP Request,Non HTTP response code: org.apache.http.conn.ConnectTimeoutException,Non HTTP response message: Connect to 10.138.0.2:80 timed out,Thread Group 141-1,text,false,,1658,0,1,141,0,0,1502
1492747337620,1502,HTTP Request,Non HTTP response code: org.apache.http.conn.ConnectTimeoutException,Non HTTP response message: Connect to 10.138.0.2:80 timed out,Thread Group 111-1,text,false,,1658,0,1,141,0,0,1502
1492747337636,1502,HTTP Request,Non HTTP response code: org.apache.http.conn.ConnectTimeoutException,Non HTTP response message: Connect to 10.138.0.2:80 timed out,Thread Group 133-1,text,false,,1658,0,1,141,0,0,1502
1492747337637,1502,HTTP Request,Non HTTP response code: org.apache.http.conn.ConnectTimeoutException,Non HTTP response message: Connect to 10.138.0.2:80 timed out,Thread Group 123-1,text,false,,1658,0,1,141,0,0,1501
1492747337645,1500,HTTP Request,Non HTTP response code: org.apache.http.conn.ConnectTimeoutException,Non HTTP response message: Connect to 10.138.0.2:80 timed out,Thread Group 95-1,text,false,,1658,0,1,141,0,0,1500
1492747337645,1501,HTTP Request,Non HTTP response code: org.apache.http.conn.ConnectTimeoutException,Non HTTP response message: Connect to 10.138.0.2:80 timed out,Thread Group 107-1,text,false,,1658,0,1,141,0,0,1501
1492747337644,1502,HTTP Request,Non HTTP response code: org.apache.http.conn.ConnectTimeoutException,Non HTTP response message: Connect to 10.138.0.2:80 timed out,Thread Group 112-1,text,false,,1658,0,1,141,0,0,1502
1492747337645,1501,HTTP Request,Non HTTP response code: org.apache.http.conn.ConnectTimeoutException,Non HTTP response message: Connect to 10.138.0.2:80 timed out,Thread Group 61-1,text,false,,1658,0,1,141,0,0,1501
1492747337644,1503,HTTP Request,Non HTTP response code: org.apache.http.conn.ConnectTimeoutException,Non HTTP response message: Connect to 10.138.0.2:80 timed out,Thread Group 50-1,text,false,,1658,0,1,141,0,0,1503
1492747337644,1503,HTTP Request,Non HTTP response code: org.apache.http.conn.ConnectTimeoutException,Non HTTP response message: Connect to 10.138.0.2:80 timed out,Thread Group 42-1,text,false,,1658,0,1,141,0,0,1503
1492747337646,1501,HTTP Request,Non HTTP response code: org.apache.http.conn.ConnectTimeoutException,Non HTTP response message: Connect to 10.138.0.2:80 timed out,Thread Group 115-1,text,false,,1658,0,1,141,0,0,1501
1492747337646,1501,HTTP Request,Non HTTP response code: org.apache.http.conn.ConnectTimeoutException,Non HTTP response message: Connect to 10.138.0.2:80 timed out,Thread Group 12-1,text,false,,1658,0,1,141,0,0,1501
1492747337647,1501,HTTP Request,Non HTTP response code: org.apache.http.conn.ConnectTimeoutException,Non HTTP response message: Connect to 10.138.0.2:80 timed out,Thread Group 98-1,text,false,,1658,0,1,141,0,0,1501
1492747337646,1502,HTTP Request,Non HTTP response code: org.apache.http.conn.ConnectTimeoutException,Non HTTP response message: Connect to 10.138.0.2:80 timed out,Thread Group 87-1,text,false,,1658,0,1,141,0,0,1502
1492747337647,1501,HTTP Request,Non HTTP response code: org.apache.http.conn.ConnectTimeoutException,Non HTTP response message: Connect to 10.138.0.2:80 timed out,Thread Group 84-1,text,false,,1658,0,1,141,0,0,1501
1492747337647,1501,HTTP Request,Non HTTP response code: org.apache.http.conn.ConnectTimeoutException,Non HTTP response message: Connect to 10.138.0.2:80 timed out,Thread Group 128-1,text,false,,1658,0,1,141,0,0,1501
1492747337645,1503,HTTP Request,Non HTTP response code: org.apache.http.conn.ConnectTimeoutException,Non HTTP response message: Connect to 10.138.0.2:80 timed out,Thread Group 89-1,text,false,,1658,0,1,141,0,0,1503
1492747337646,1503,HTTP Request,Non HTTP response code: org.apache.http.conn.ConnectTimeoutException,Non HTTP response message: Connect to 10.138.0.2:80 timed out,Thread Group 125-1,text,false,,1658,0,1,141,0,0,1503
1492747337647,1502,HTTP Request,Non HTTP response code: org.apache.http.conn.ConnectTimeoutException,Non HTTP response message: Connect to 10.138.0.2:80 timed out,Thread Group 91-1,text,false,,1658,0,1,141,0,0,1502
1492747337646,1503,HTTP Request,Non HTTP response code: org.apache.http.conn.ConnectTimeoutException,Non HTTP response message: Connect to 10.138.0.2:80 timed out,Thread Group 100-1,text,false,,1658,0,1,141,0,0,1503
1492747337647,1502,HTTP Request,Non HTTP response code: org.apache.http.conn.ConnectTimeoutException,Non HTTP response message: Connect to 10.138.0.2:80 timed out,Thread Group 137-1,text,false,,1658,0,1,141,0,0,1502
1492747337644,1505,HTTP Request,Non HTTP response code: org.apache.http.conn.ConnectTimeoutException,Non HTTP response message: Connect to 10.138.0.2:80 timed out,Thread Group 92-1,text,false,,1658,0,1,141,0,0,1505
1492747337647,1504,HTTP Request,Non HTTP response code: org.apache.http.conn.ConnectTimeoutException,Non HTTP response message: Connect to 10.138.0.2:80 timed out,Thread Group 97-1,text,false,,1658,0,1,141,0,0,1503
1492747337674,1501,HTTP Request,Non HTTP response code: org.apache.http.conn.ConnectTimeoutException,Non HTTP response message: Connect to 10.138.0.2:80 timed out,Thread Group 10-1,text,false,,1658,0,1,141,0,0,1501
1492747337673,1503,HTTP Request,Non HTTP response code: org.apache.http.conn.ConnectTimeoutException,Non HTTP response message: Connect to 10.138.0.2:80 timed out,Thread Group 37-1,text,false,,1658,0,1,141,0,0,1503
1492747337724,1500,HTTP Request,Non HTTP response code: org.apache.http.conn.ConnectTimeoutException,Non HTTP response message: Connect to 10.138.0.2:80 timed out,Thread Group 47-1,text,false,,1658,0,1,141,0,0,1500
1492747337724,1501,HTTP Request,Non HTTP response code: org.apache.http.conn.ConnectTimeoutException,Non HTTP response message: Connect to 10.138.0.2:80 timed out,Thread Group 80-1,text,false,,1658,0,1,141,0,0,1501
1492747337723,1502,HTTP Request,Non HTTP response code: org.apache.http.conn.ConnectTimeoutException,Non HTTP response message: Connect to 10.138.0.2:80 timed out,Thread Group 110-1,text,false,,1658,0,1,141,0,0,1502
1492747337723,1503,HTTP Request,Non HTTP response code: org.apache.http.conn.ConnectTimeoutException,Non HTTP response message: Connect to 10.138.0.2:80 timed out,Thread Group 63-1,text,false,,1658,0,1,141,0,0,1503
1492747337722,1504,HTTP Request,Non HTTP response code: org.apache.http.conn.ConnectTimeoutException,Non HTTP response message: Connect to 10.138.0.2:80 timed out,Thread Group 7-1,text,false,,1658,0,1,141,0,0,1504
1492747337725,1501,HTTP Request,Non HTTP response code: org.apache.http.conn.ConnectTimeoutException,Non HTTP response message: Connect to 10.138.0.2:80 timed out,Thread Group 94-1,text,false,,1658,0,1,141,0,0,1501
1492747337725,1501,HTTP Request,Non HTTP response code: org.apache.http.conn.ConnectTimeoutException,Non HTTP response message: Connect to 10.138.0.2:80 timed out,Thread Group 99-1,text,false,,1658,0,1,141,0,0,1501
1492747337724,1503,HTTP Request,Non HTTP response code: org.apache.http.conn.ConnectTimeoutException,Non HTTP response message: Connect to 10.138.0.2:80 timed out,Thread Group 48-1,text,false,,1658,0,1,141,0,0,1503
1492747337725,1502,HTTP Request,Non HTTP response code: org.apache.http.conn.ConnectTimeoutException,Non HTTP response message: Connect to 10.138.0.2:80 timed out,Thread Group 44-1,text,false,,1658,0,1,141,0,0,1502
1492747337754,1501,HTTP Request,Non HTTP response code: java.net.SocketTimeoutException,Non HTTP response message: Read timed out,Thread Group 118-1,text,false,,2690,0,1,141,0,0,1
1492747337863,1502,HTTP Request,Non HTTP response code: org.apache.http.conn.ConnectTimeoutException,Non HTTP response message: Connect to 10.138.0.2:80 timed out,Thread Group 104-1,text,false,,1658,0,1,141,0,0,1502
1492747337901,1502,HTTP Request,Non HTTP response code: org.apache.http.conn.ConnectTimeoutException,Non HTTP response message: Connect to 10.138.0.2:80 timed out,Thread Group 113-1,text,false,,1658,0,1,141,0,0,1502
1492747337901,1502,HTTP Request,Non HTTP response code: org.apache.http.conn.ConnectTimeoutException,Non HTTP response message: Connect to 10.138.0.2:80 timed out,Thread Group 126-1,text,false,,1658,0,1,141,0,0,1502
1492747337901,1503,HTTP Request,Non HTTP response code: org.apache.http.conn.ConnectTimeoutException,Non HTTP response message: Connect to 10.138.0.2:80 timed out,Thread Group 93-1,text,false,,1658,0,1,141,0,0,1503
1492747337904,1501,HTTP Request,Non HTTP response code: org.apache.http.conn.ConnectTimeoutException,Non HTTP response message: Connect to 10.138.0.2:80 timed out,Thread Group 29-1,text,false,,1658,0,1,141,0,0,1501
1492747337904,1502,HTTP Request,Non HTTP response code: org.apache.http.conn.ConnectTimeoutException,Non HTTP response message: Connect to 10.138.0.2:80 timed out,Thread Group 136-1,text,false,,1658,0,1,141,0,0,1502
1492747337904,1502,HTTP Request,Non HTTP response code: org.apache.http.conn.ConnectTimeoutException,Non HTTP response message: Connect to 10.138.0.2:80 timed out,Thread Group 121-1,text,false,,1658,0,1,141,0,0,1502
1492747337903,1503,HTTP Request,Non HTTP response code: org.apache.http.conn.ConnectTimeoutException,Non HTTP response message: Connect to 10.138.0.2:80 timed out,Thread Group 135-1,text,false,,1658,0,1,141,0,0,1503
1492747337937,1501,HTTP Request,Non HTTP response code: org.apache.http.conn.ConnectTimeoutException,Non HTTP response message: Connect to 10.138.0.2:80 timed out,Thread Group 28-1,text,false,,1658,0,1,141,0,0,1501
1492747337937,1501,HTTP Request,Non HTTP response code: org.apache.http.conn.ConnectTimeoutException,Non HTTP response message: Connect to 10.138.0.2:80 timed out,Thread Group 19-1,text,false,,1658,0,1,141,0,0,1501
1492747337937,1502,HTTP Request,Non HTTP response code: org.apache.http.conn.ConnectTimeoutException,Non HTTP response message: Connect to 10.138.0.2:80 timed out,Thread Group 22-1,text,false,,1658,0,1,141,0,0,1501
1492747337936,1503,HTTP Request,Non HTTP response code: org.apache.http.conn.ConnectTimeoutException,Non HTTP response message: Connect to 10.138.0.2:80 timed out,Thread Group 109-1,text,false,,1658,0,1,141,0,0,1503
1492747337937,1502,HTTP Request,Non HTTP response code: org.apache.http.conn.ConnectTimeoutException,Non HTTP response message: Connect to 10.138.0.2:80 timed out,Thread Group 132-1,text,false,,1658,0,1,141,0,0,1502
1492747337936,1503,HTTP Request,Non HTTP response code: org.apache.http.conn.ConnectTimeoutException,Non HTTP response message: Connect to 10.138.0.2:80 timed out,Thread Group 129-1,text,false,,1658,0,1,141,0,0,1503
1492747337944,1501,HTTP Request,Non HTTP response code: org.apache.http.conn.ConnectTimeoutException,Non HTTP response message: Connect to 10.138.0.2:80 timed out,Thread Group 8-1,text,false,,1658,0,1,141,0,0,1501
1492747337944,1502,HTTP Request,Non HTTP response code: org.apache.http.conn.ConnectTimeoutException,Non HTTP response message: Connect to 10.138.0.2:80 timed out,Thread Group 13-1,text,false,,1658,0,1,141,0,0,1502
1492747337944,1502,HTTP Request,Non HTTP response code: org.apache.http.conn.ConnectTimeoutException,Non HTTP response message: Connect to 10.138.0.2:80 timed out,Thread Group 71-1,text,false,,1658,0,1,141,0,0,1502
1492747337946,1501,HTTP Request,Non HTTP response code: org.apache.http.conn.ConnectTimeoutException,Non HTTP response message: Connect to 10.138.0.2:80 timed out,Thread Group 140-1,text,false,,1658,0,1,141,0,0,1501
1492747337946,1502,HTTP Request,Non HTTP response code: org.apache.http.conn.ConnectTimeoutException,Non HTTP response message: Connect to 10.138.0.2:80 timed out,Thread Group 25-1,text,false,,1658,0,1,141,0,0,1502
1492747337946,1502,HTTP Request,Non HTTP response code: org.apache.http.conn.ConnectTimeoutException,Non HTTP response message: Connect to 10.138.0.2:80 timed out,Thread Group 78-1,text,false,,1658,0,1,141,0,0,1502
1492747337946,1502,HTTP Request,Non HTTP response code: org.apache.http.conn.ConnectTimeoutException,Non HTTP response message: Connect to 10.138.0.2:80 timed out,Thread Group 26-1,text,false,,1658,0,1,141,0,0,1502
1492747337947,1501,HTTP Request,Non HTTP response code: org.apache.http.conn.ConnectTimeoutException,Non HTTP response message: Connect to 10.138.0.2:80 timed out,Thread Group 106-1,text,false,,1658,0,1,141,0,0,1501
1492747337947,1502,HTTP Request,Non HTTP response code: org.apache.http.conn.ConnectTimeoutException,Non HTTP response message: Connect to 10.138.0.2:80 timed out,Thread Group 73-1,text,false,,1658,0,1,141,0,0,1502
1492747337947,1502,HTTP Request,Non HTTP response code: org.apache.http.conn.ConnectTimeoutException,Non HTTP response message: Connect to 10.138.0.2:80 timed out,Thread Group 32-1,text,false,,1658,0,1,141,0,0,1502
1492747337947,1502,HTTP Request,Non HTTP response code: org.apache.http.conn.ConnectTimeoutException,Non HTTP response message: Connect to 10.138.0.2:80 timed out,Thread Group 102-1,text,false,,1658,0,1,141,0,0,1502
1492747337948,1501,HTTP Request,Non HTTP response code: org.apache.http.conn.ConnectTimeoutException,Non HTTP response message: Connect to 10.138.0.2:80 timed out,Thread Group 43-1,text,false,,1658,0,1,141,0,0,1501
1492747337949,1501,HTTP Request,Non HTTP response code: org.apache.http.conn.ConnectTimeoutException,Non HTTP response message: Connect to 10.138.0.2:80 timed out,Thread Group 122-1,text,false,,1658,0,1,141,0,0,1501
1492747337948,1502,HTTP Request,Non HTTP response code: org.apache.http.conn.ConnectTimeoutException,Non HTTP response message: Connect to 10.138.0.2:80 timed out,Thread Group 40-1,text,false,,1658,0,1,141,0,0,1502
1492747337948,1502,HTTP Request,Non HTTP response code: org.apache.http.conn.ConnectTimeoutException,Non HTTP response message: Connect to 10.138.0.2:80 timed out,Thread Group 14-1,text,false,,1658,0,1,141,0,0,1502
1492747337948,1502,HTTP Request,Non HTTP response code: org.apache.http.conn.ConnectTimeoutException,Non HTTP response message: Connect to 10.138.0.2:80 timed out,Thread Group 4-1,text,false,,1658,0,1,141,0,0,1502
1492747337949,1502,HTTP Request,Non HTTP response code: org.apache.http.conn.ConnectTimeoutException,Non HTTP response message: Connect to 10.138.0.2:80 timed out,Thread Group 49-1,text,false,,1658,0,1,141,0,0,1502
1492747337949,1502,HTTP Request,Non HTTP response code: org.apache.http.conn.ConnectTimeoutException,Non HTTP response message: Connect to 10.138.0.2:80 timed out,Thread Group 79-1,text,false,,1658,0,1,141,0,0,1502
1492747337949,1502,HTTP Request,Non HTTP response code: org.apache.http.conn.ConnectTimeoutException,Non HTTP response message: Connect to 10.138.0.2:80 timed out,Thread Group 31-1,text,false,,1658,0,1,141,0,0,1502
1492747337946,1501,HTTP Request,Non HTTP response code: org.apache.http.conn.ConnectTimeoutException,Non HTTP response message: Connect to 10.138.0.2:80 timed out,Thread Group 86-1,text,false,,1658,0,1,141,0,0,1501
1492747337955,1502,HTTP Request,Non HTTP response code: org.apache.http.conn.ConnectTimeoutException,Non HTTP response message: Connect to 10.138.0.2:80 timed out,Thread Group 101-1,text,false,,1658,0,1,141,0,0,1502
1492747338082,1502,HTTP Request,Non HTTP response code: java.net.SocketTimeoutException,Non HTTP response message: Read timed out,Thread Group 103-1,text,false,,2690,0,1,141,0,0,0
1492747337166,2500,HTTP Request,Non HTTP response code: java.net.SocketTimeoutException,Non HTTP response message: Read timed out,Thread Group 56-1,text,false,,2690,0,1,141,0,0,998
1492747338170,1501,HTTP Request,Non HTTP response code: org.apache.http.conn.ConnectTimeoutException,Non HTTP response message: Connect to 10.138.0.2:80 timed out,Thread Group 69-1,text,false,,1658,0,1,141,0,0,1501
1492747338170,1502,HTTP Request,Non HTTP response code: org.apache.http.conn.ConnectTimeoutException,Non HTTP response message: Connect to 10.138.0.2:80 timed out,Thread Group 2-1,text,false,,1658,0,1,141,0,0,1502
1492747338169,1503,HTTP Request,Non HTTP response code: java.net.SocketTimeoutException,Non HTTP response message: Read timed out,Thread Group 57-1,text,false,,2690,0,1,141,0,0,1
1492747338208,1502,HTTP Request,Non HTTP response code: org.apache.http.conn.ConnectTimeoutException,Non HTTP response message: Connect to 10.138.0.2:80 timed out,Thread Group 62-1,text,false,,1658,0,1,141,0,0,1502
1492747338208,1502,HTTP Request,Non HTTP response code: org.apache.http.conn.ConnectTimeoutException,Non HTTP response message: Connect to 10.138.0.2:80 timed out,Thread Group 65-1,text,false,,1658,0,1,141,0,0,1502
1492747338264,1502,HTTP Request,Non HTTP response code: org.apache.http.conn.ConnectTimeoutException,Non HTTP response message: Connect to 10.138.0.2:80 timed out,Thread Group 116-1,text,false,,1658,0,1,141,0,0,1502
1492747338283,1502,HTTP Request,Non HTTP response code: org.apache.http.conn.ConnectTimeoutException,Non HTTP response message: Connect to 10.138.0.2:80 timed out,Thread Group 130-1,text,false,,1658,0,1,141,0,0,1502
1492747338283,1502,HTTP Request,Non HTTP response code: org.apache.http.conn.ConnectTimeoutException,Non HTTP response message: Connect to 10.138.0.2:80 timed out,Thread Group 52-1,text,false,,1658,0,1,141,0,0,1502
1492747338283,1502,HTTP Request,Non HTTP response code: org.apache.http.conn.ConnectTimeoutException,Non HTTP response message: Connect to 10.138.0.2:80 timed out,Thread Group 15-1,text,false,,1658,0,1,141,0,0,1502
1492747338284,1501,HTTP Request,Non HTTP response code: org.apache.http.conn.ConnectTimeoutException,Non HTTP response message: Connect to 10.138.0.2:80 timed out,Thread Group 18-1,text,false,,1658,0,1,141,0,0,1501
1492747338292,1502,HTTP Request,Non HTTP response code: org.apache.http.conn.ConnectTimeoutException,Non HTTP response message: Connect to 10.138.0.2:80 timed out,Thread Group 11-1,text,false,,1658,0,1,141,0,0,1502
1492747338292,1502,HTTP Request,Non HTTP response code: org.apache.http.conn.ConnectTimeoutException,Non HTTP response message: Connect to 10.138.0.2:80 timed out,Thread Group 96-1,text,false,,1658,0,1,141,0,0,1502
1492747338293,1501,HTTP Request,Non HTTP response code: org.apache.http.conn.ConnectTimeoutException,Non HTTP response message: Connect to 10.138.0.2:80 timed out,Thread Group 35-1,text,false,,1658,0,1,141,0,0,1501
1492747338293,1501,HTTP Request,Non HTTP response code: org.apache.http.conn.ConnectTimeoutException,Non HTTP response message: Connect to 10.138.0.2:80 timed out,Thread Group 105-1,text,false,,1658,0,1,141,0,0,1501
1492747338293,1502,HTTP Request,Non HTTP response code: org.apache.http.conn.ConnectTimeoutException,Non HTTP response message: Connect to 10.138.0.2:80 timed out,Thread Group 75-1,text,false,,1658,0,1,141,0,0,1502
1492747338293,1502,HTTP Request,Non HTTP response code: org.apache.http.conn.ConnectTimeoutException,Non HTTP response message: Connect to 10.138.0.2:80 timed out,Thread Group 88-1,text,false,,1658,0,1,141,0,0,1502
1492747338294,1501,HTTP Request,Non HTTP response code: org.apache.http.conn.ConnectTimeoutException,Non HTTP response message: Connect to 10.138.0.2:80 timed out,Thread Group 27-1,text,false,,1658,0,1,141,0,0,1501
1492747338294,1502,HTTP Request,Non HTTP response code: org.apache.http.conn.ConnectTimeoutException,Non HTTP response message: Connect to 10.138.0.2:80 timed out,Thread Group 55-1,text,false,,1658,0,1,141,0,0,1502
1492747338294,1501,HTTP Request,Non HTTP response code: org.apache.http.conn.ConnectTimeoutException,Non HTTP response message: Connect to 10.138.0.2:80 timed out,Thread Group 138-1,text,false,,1658,0,1,141,0,0,1501
1492747338330,1503,HTTP Request,Non HTTP response code: org.apache.http.conn.ConnectTimeoutException,Non HTTP response message: Connect to 10.138.0.2:80 timed out,Thread Group 127-1,text,false,,1658,0,1,141,0,0,1503
1492747338330,1503,HTTP Request,Non HTTP response code: org.apache.http.conn.ConnectTimeoutException,Non HTTP response message: Connect to 10.138.0.2:80 timed out,Thread Group 34-1,text,false,,1658,0,1,141,0,0,1503
1492747338330,1504,HTTP Request,Non HTTP response code: org.apache.http.conn.ConnectTimeoutException,Non HTTP response message: Connect to 10.138.0.2:80 timed out,Thread Group 70-1,text,false,,1658,0,1,141,0,0,1504
1492747338329,1505,HTTP Request,Non HTTP response code: org.apache.http.conn.ConnectTimeoutException,Non HTTP response message: Connect to 10.138.0.2:80 timed out,Thread Group 21-1,text,false,,1658,0,1,141,0,0,1505
1492747338329,1505,HTTP Request,Non HTTP response code: org.apache.http.conn.ConnectTimeoutException,Non HTTP response message: Connect to 10.138.0.2:80 timed out,Thread Group 76-1,text,false,,1658,0,1,141,0,0,1505
1492747338329,1505,HTTP Request,Non HTTP response code: org.apache.http.conn.ConnectTimeoutException,Non HTTP response message: Connect to 10.138.0.2:80 timed out,Thread Group 60-1,text,false,,1658,0,1,141,0,0,1505
1492747338328,1506,HTTP Request,Non HTTP response code: org.apache.http.conn.ConnectTimeoutException,Non HTTP response message: Connect to 10.138.0.2:80 timed out,Thread Group 124-1,text,false,,1658,0,1,141,0,0,1506
1492747338328,1507,HTTP Request,Non HTTP response code: org.apache.http.conn.ConnectTimeoutException,Non HTTP response message: Connect to 10.138.0.2:80 timed out,Thread Group 5-1,text,false,,1658,0,1,141,0,0,1507
1492747338328,1507,HTTP Request,Non HTTP response code: org.apache.http.conn.ConnectTimeoutException,Non HTTP response message: Connect to 10.138.0.2:80 timed out,Thread Group 67-1,text,false,,1658,0,1,141,0,0,1507
1492747338328,1507,HTTP Request,Non HTTP response code: org.apache.http.conn.ConnectTimeoutException,Non HTTP response message: Connect to 10.138.0.2:80 timed out,Thread Group 66-1,text,false,,1658,0,1,141,0,0,1507
1492747338327,1508,HTTP Request,Non HTTP response code: org.apache.http.conn.ConnectTimeoutException,Non HTTP response message: Connect to 10.138.0.2:80 timed out,Thread Group 51-1,text,false,,1658,0,1,141,0,0,1508
1492747338327,1508,HTTP Request,Non HTTP response code: org.apache.http.conn.ConnectTimeoutException,Non HTTP response message: Connect to 10.138.0.2:80 timed out,Thread Group 134-1,text,false,,1658,0,1,141,0,0,1508
1492747338327,1509,HTTP Request,Non HTTP response code: org.apache.http.conn.ConnectTimeoutException,Non HTTP response message: Connect to 10.138.0.2:80 timed out,Thread Group 81-1,text,false,,1658,0,1,141,0,0,1509
1492747338327,1509,HTTP Request,Non HTTP response code: org.apache.http.conn.ConnectTimeoutException,Non HTTP response message: Connect to 10.138.0.2:80 timed out,Thread Group 120-1,text,false,,1658,0,1,141,0,0,1509
1492747338325,1502,HTTP Request,Non HTTP response code: org.apache.http.conn.ConnectTimeoutException,Non HTTP response message: Connect to 10.138.0.2:80 timed out,Thread Group 58-1,text,false,,1658,0,1,141,0,0,1502
1492747338326,1510,HTTP Request,Non HTTP response code: org.apache.http.conn.ConnectTimeoutException,Non HTTP response message: Connect to 10.138.0.2:80 timed out,Thread Group 36-1,text,false,,1658,0,1,141,0,0,1510
1492747338326,1510,HTTP Request,Non HTTP response code: org.apache.http.conn.ConnectTimeoutException,Non HTTP response message: Connect to 10.138.0.2:80 timed out,Thread Group 90-1,text,false,,1658,0,1,141,0,0,1510
1492747338326,1511,HTTP Request,Non HTTP response code: org.apache.http.conn.ConnectTimeoutException,Non HTTP response message: Connect to 10.138.0.2:80 timed out,Thread Group 139-1,text,false,,1658,0,1,141,0,0,1511
1492747338326,1511,HTTP Request,Non HTTP response code: org.apache.http.conn.ConnectTimeoutException,Non HTTP response message: Connect to 10.138.0.2:80 timed out,Thread Group 131-1,text,false,,1658,0,1,141,0,0,1511
1492747338325,1512,HTTP Request,Non HTTP response code: org.apache.http.conn.ConnectTimeoutException,Non HTTP response message: Connect to 10.138.0.2:80 timed out,Thread Group 53-1,text,false,,1658,0,1,141,0,0,1512
1492747338340,1500,HTTP Request,Non HTTP response code: org.apache.http.conn.ConnectTimeoutException,Non HTTP response message: Connect to 10.138.0.2:80 timed out,Thread Group 46-1,text,false,,1658,0,1,141,0,0,1500
1492747337398,2500,HTTP Request,Non HTTP response code: java.net.SocketTimeoutException,Non HTTP response message: Read timed out,Thread Group 117-1,text,false,,2690,0,1,141,0,0,998
1492747338600,1502,HTTP Request,Non HTTP response code: org.apache.http.conn.ConnectTimeoutException,Non HTTP response message: Connect to 10.138.0.2:80 timed out,Thread Group 17-1,text,false,,1658,0,1,141,0,0,1502
1492747338602,1502,HTTP Request,Non HTTP response code: org.apache.http.conn.ConnectTimeoutException,Non HTTP response message: Connect to 10.138.0.2:80 timed out,Thread Group 1-1,text,false,,1658,0,1,141,0,0,1502
1492747338602,1502,HTTP Request,Non HTTP response code: org.apache.http.conn.ConnectTimeoutException,Non HTTP response message: Connect to 10.138.0.2:80 timed out,Thread Group 83-1,text,false,,1658,0,1,141,0,0,1502
1492747338603,1501,HTTP Request,Non HTTP response code: org.apache.http.conn.ConnectTimeoutException,Non HTTP response message: Connect to 10.138.0.2:80 timed out,Thread Group 54-1,text,false,,1658,0,1,141,0,0,1501
1492747338603,1501,HTTP Request,Non HTTP response code: org.apache.http.conn.ConnectTimeoutException,Non HTTP response message: Connect to 10.138.0.2:80 timed out,Thread Group 38-1,text,false,,1658,0,1,141,0,0,1501
1492747338603,1502,HTTP Request,Non HTTP response code: org.apache.http.conn.ConnectTimeoutException,Non HTTP response message: Connect to 10.138.0.2:80 timed out,Thread Group 20-1,text,false,,1658,0,1,141,0,0,1502
1492747338602,1503,HTTP Request,Non HTTP response code: org.apache.http.conn.ConnectTimeoutException,Non HTTP response message: Connect to 10.138.0.2:80 timed out,Thread Group 82-1,text,false,,1658,0,1,141,0,0,1503
1492747338604,1501,HTTP Request,Non HTTP response code: org.apache.http.conn.ConnectTimeoutException,Non HTTP response message: Connect to 10.138.0.2:80 timed out,Thread Group 45-1,text,false,,1658,0,1,141,0,0,1501
1492747338715,1505,HTTP Request,Non HTTP response code: java.net.SocketTimeoutException,Non HTTP response message: Read timed out,Thread Group 30-1,text,false,,2690,0,1,141,0,0,3
1492747338717,1503,HTTP Request,Non HTTP response code: java.net.SocketTimeoutException,Non HTTP response message: Read timed out,Thread Group 64-1,text,false,,2690,0,1,141,0,0,1
1492747338715,1505,HTTP Request,Non HTTP response code: java.net.SocketTimeoutException,Non HTTP response message: Read timed out,Thread Group 72-1,text,false,,2690,0,1,141,0,0,3
1492747338714,1507,HTTP Request,Non HTTP response code: java.net.SocketTimeoutException,Non HTTP response message: Read timed out,Thread Group 6-1,text,false,,2690,0,1,141,0,0,4
1492747338717,1502,HTTP Request,Non HTTP response code: java.net.SocketTimeoutException,Non HTTP response message: Read timed out,Thread Group 41-1,text,false,,2690,0,1,141,0,0,1
1492747338938,1502,HTTP Request,Non HTTP response code: org.apache.http.conn.ConnectTimeoutException,Non HTTP response message: Connect to 10.138.0.2:80 timed out,Thread Group 16-1,text,false,,1658,0,1,141,0,0,1502
1492747339109,1503,HTTP Request,Non HTTP response code: java.net.SocketTimeoutException,Non HTTP response message: Read timed out,Thread Group 33-1,text,false,,2690,0,1,141,0,0,1
1492747339110,1503,HTTP Request,Non HTTP response code: java.net.SocketTimeoutException,Non HTTP response message: Read timed out,Thread Group 114-1,text,false,,2690,0,1,141,0,0,1
1492747339109,1504,HTTP Request,Non HTTP response code: java.net.SocketTimeoutException,Non HTTP response message: Read timed out,Thread Group 68-1,text,false,,2690,0,1,141,0,0,2
1492747339110,1503,HTTP Request,Non HTTP response code: java.net.SocketTimeoutException,Non HTTP response message: Read timed out,Thread Group 119-1,text,false,,2690,0,1,141,0,0,1
1492747339109,1505,HTTP Request,Non HTTP response code: java.net.SocketTimeoutException,Non HTTP response message: Read timed out,Thread Group 39-1,text,false,,2690,0,1,141,0,0,2
1492747339109,1505,HTTP Request,Non HTTP response code: java.net.SocketTimeoutException,Non HTTP response message: Read timed out,Thread Group 77-1,text,false,,2690,0,1,141,0,0,2
1492747339110,1504,HTTP Request,Non HTTP response code: java.net.SocketTimeoutException,Non HTTP response message: Read timed out,Thread Group 108-1,text,false,,2690,0,1,141,0,0,1
1492747339110,1504,HTTP Request,Non HTTP response code: java.net.SocketTimeoutException,Non HTTP response message: Read timed out,Thread Group 24-1,text,false,,2690,0,1,141,0,0,1
1492747339108,1507,HTTP Request,Non HTTP response code: java.net.SocketTimeoutException,Non HTTP response message: Read timed out,Thread Group 3-1,text,false,,2690,0,1,141,0,0,3
1492747339108,1507,HTTP Request,Non HTTP response code: java.net.SocketTimeoutException,Non HTTP response message: Read timed out,Thread Group 85-1,text,false,,2690,0,1,141,0,0,3
1492747339111,1504,HTTP Request,Non HTTP response code: org.apache.http.conn.ConnectTimeoutException,Non HTTP response message: Connect to 10.138.0.2:80 timed out,Thread Group 9-1,text,false,,1658,0,1,141,0,0,1504
1492747339112,1503,HTTP Request,Non HTTP response code: org.apache.http.conn.ConnectTimeoutException,Non HTTP response message: Connect to 10.138.0.2:80 timed out,Thread Group 59-1,text,false,,1658,0,1,141,0,0,1503
1492747339112,1504,HTTP Request,Non HTTP response code: org.apache.http.conn.ConnectTimeoutException,Non HTTP response message: Connect to 10.138.0.2:80 timed out,Thread Group 23-1,text,false,,1658,0,1,141,0,0,1504
1492747339122,1502,HTTP Request,Non HTTP response code: org.apache.http.conn.ConnectTimeoutException,Non HTTP response message: Connect to 10.138.0.2:80 timed out,Thread Group 141-1,text,false,,1658,0,1,141,0,0,1502
1492747339122,1502,HTTP Request,Non HTTP response code: org.apache.http.conn.ConnectTimeoutException,Non HTTP response message: Connect to 10.138.0.2:80 timed out,Thread Group 111-1,text,false,,1658,0,1,141,0,0,1502
1492747339138,1502,HTTP Request,Non HTTP response code: org.apache.http.conn.ConnectTimeoutException,Non HTTP response message: Connect to 10.138.0.2:80 timed out,Thread Group 133-1,text,false,,1658,0,1,141,0,0,1502
1492747339146,1501,HTTP Request,Non HTTP response code: org.apache.http.conn.ConnectTimeoutException,Non HTTP response message: Connect to 10.138.0.2:80 timed out,Thread Group 95-1,text,false,,1658,0,1,141,0,0,1501
1492747339146,1502,HTTP Request,Non HTTP response code: org.apache.http.conn.ConnectTimeoutException,Non HTTP response message: Connect to 10.138.0.2:80 timed out,Thread Group 107-1,text,false,,1658,0,1,141,0,0,1502
1492747339146,1502,HTTP Request,Non HTTP response code: org.apache.http.conn.ConnectTimeoutException,Non HTTP response message: Connect to 10.138.0.2:80 timed out,Thread Group 112-1,text,false,,1658,0,1,141,0,0,1502
1492747339146,1502,HTTP Request,Non HTTP response code: org.apache.http.conn.ConnectTimeoutException,Non HTTP response message: Connect to 10.138.0.2:80 timed out,Thread Group 61-1,text,false,,1658,0,1,141,0,0,1502
1492747339147,1501,HTTP Request,Non HTTP response code: org.apache.http.conn.ConnectTimeoutException,Non HTTP response message: Connect to 10.138.0.2:80 timed out,Thread Group 50-1,text,false,,1658,0,1,141,0,0,1501
1492747339147,1502,HTTP Request,Non HTTP response code: org.apache.http.conn.ConnectTimeoutException,Non HTTP response message: Connect to 10.138.0.2:80 timed out,Thread Group 42-1,text,false,,1658,0,1,141,0,0,1502
1492747339147,1502,HTTP Request,Non HTTP response code: org.apache.http.conn.ConnectTimeoutException,Non HTTP response message: Connect to 10.138.0.2:80 timed out,Thread Group 115-1,text,false,,1658,0,1,141,0,0,1502
1492747339148,1501,HTTP Request,Non HTTP response code: org.apache.http.conn.ConnectTimeoutException,Non HTTP response message: Connect to 10.138.0.2:80 timed out,Thread Group 98-1,text,false,,1658,0,1,141,0,0,1501
1492747339148,1502,HTTP Request,Non HTTP response code: org.apache.http.conn.ConnectTimeoutException,Non HTTP response message: Connect to 10.138.0.2:80 timed out,Thread Group 87-1,text,false,,1658,0,1,141,0,0,1502
1492747339148,1502,HTTP Request,Non HTTP response code: org.apache.http.conn.ConnectTimeoutException,Non HTTP response message: Connect to 10.138.0.2:80 timed out,Thread Group 84-1,text,false,,1658,0,1,141,0,0,1502
1492747339148,1502,HTTP Request,Non HTTP response code: org.apache.http.conn.ConnectTimeoutException,Non HTTP response message: Connect to 10.138.0.2:80 timed out,Thread Group 128-1,text,false,,1658,0,1,141,0,0,1502
1492747339149,1501,HTTP Request,Non HTTP response code: org.apache.http.conn.ConnectTimeoutException,Non HTTP response message: Connect to 10.138.0.2:80 timed out,Thread Group 89-1,text,false,,1658,0,1,141,0,0,1501
1492747339149,1502,HTTP Request,Non HTTP response code: org.apache.http.conn.ConnectTimeoutException,Non HTTP response message: Connect to 10.138.0.2:80 timed out,Thread Group 125-1,text,false,,1658,0,1,141,0,0,1502
1492747339149,1502,HTTP Request,Non HTTP response code: org.apache.http.conn.ConnectTimeoutException,Non HTTP response message: Connect to 10.138.0.2:80 timed out,Thread Group 91-1,text,false,,1658,0,1,141,0,0,1502
1492747339149,1502,HTTP Request,Non HTTP response code: org.apache.http.conn.ConnectTimeoutException,Non HTTP response message: Connect to 10.138.0.2:80 timed out,Thread Group 100-1,text,false,,1658,0,1,141,0,0,1502
1492747339150,1502,HTTP Request,Non HTTP response code: org.apache.http.conn.ConnectTimeoutException,Non HTTP response message: Connect to 10.138.0.2:80 timed out,Thread Group 92-1,text,false,,1658,0,1,141,0,0,1502
1492747339147,1505,HTTP Request,Non HTTP response code: org.apache.http.conn.ConnectTimeoutException,Non HTTP response message: Connect to 10.138.0.2:80 timed out,Thread Group 12-1,text,false,,1658,0,1,141,0,0,1505
1492747339151,1501,HTTP Request,Non HTTP response code: org.apache.http.conn.ConnectTimeoutException,Non HTTP response message: Connect to 10.138.0.2:80 timed out,Thread Group 97-1,text,false,,1658,0,1,141,0,0,1501
1492747339149,1503,HTTP Request,Non HTTP response code: org.apache.http.conn.ConnectTimeoutException,Non HTTP response message: Connect to 10.138.0.2:80 timed out,Thread Group 137-1,text,false,,1658,0,1,141,0,0,1503
1492747339175,1502,HTTP Request,Non HTTP response code: org.apache.http.conn.ConnectTimeoutException,Non HTTP response message: Connect to 10.138.0.2:80 timed out,Thread Group 10-1,text,false,,1658,0,1,141,0,0,1502
1492747339176,1502,HTTP Request,Non HTTP response code: org.apache.http.conn.ConnectTimeoutException,Non HTTP response message: Connect to 10.138.0.2:80 timed out,Thread Group 37-1,text,false,,1658,0,1,141,0,0,1502
1492747339225,1502,HTTP Request,Non HTTP response code: org.apache.http.conn.ConnectTimeoutException,Non HTTP response message: Connect to 10.138.0.2:80 timed out,Thread Group 47-1,text,false,,1658,0,1,141,0,0,1502
1492747339225,1502,HTTP Request,Non HTTP response code: org.apache.http.conn.ConnectTimeoutException,Non HTTP response message: Connect to 10.138.0.2:80 timed out,Thread Group 80-1,text,false,,1658,0,1,141,0,0,1502
1492747339225,1502,HTTP Request,Non HTTP response code: org.apache.http.conn.ConnectTimeoutException,Non HTTP response message: Connect to 10.138.0.2:80 timed out,Thread Group 110-1,text,false,,1658,0,1,141,0,0,1502
1492747339226,1502,HTTP Request,Non HTTP response code: org.apache.http.conn.ConnectTimeoutException,Non HTTP response message: Connect to 10.138.0.2:80 timed out,Thread Group 7-1,text,false,,1658,0,1,141,0,0,1502
1492747339226,1502,HTTP Request,Non HTTP response code: org.apache.http.conn.ConnectTimeoutException,Non HTTP response message: Connect to 10.138.0.2:80 timed out,Thread Group 94-1,text,false,,1658,0,1,141,0,0,1502
1492747339226,1502,HTTP Request,Non HTTP response code: org.apache.http.conn.ConnectTimeoutException,Non HTTP response message: Connect to 10.138.0.2:80 timed out,Thread Group 99-1,text,false,,1658,0,1,141,0,0,1502
1492747339227,1501,HTTP Request,Non HTTP response code: org.apache.http.conn.ConnectTimeoutException,Non HTTP response message: Connect to 10.138.0.2:80 timed out,Thread Group 48-1,text,false,,1658,0,1,141,0,0,1501
1492747339227,1501,HTTP Request,Non HTTP response code: org.apache.http.conn.ConnectTimeoutException,Non HTTP response message: Connect to 10.138.0.2:80 timed out,Thread Group 44-1,text,false,,1658,0,1,141,0,0,1501
1492747339226,1501,HTTP Request,Non HTTP response code: org.apache.http.conn.ConnectTimeoutException,Non HTTP response message: Connect to 10.138.0.2:80 timed out,Thread Group 63-1,text,false,,1658,0,1,141,0,0,1501
1492747339256,1501,HTTP Request,Non HTTP response code: org.apache.http.conn.ConnectTimeoutException,Non HTTP response message: Connect to 10.138.0.2:80 timed out,Thread Group 118-1,text,false,,1658,0,1,141,0,0,1500
1492747339403,1502,HTTP Request,Non HTTP response code: org.apache.http.conn.ConnectTimeoutException,Non HTTP response message: Connect to 10.138.0.2:80 timed out,Thread Group 113-1,text,false,,1658,0,1,141,0,0,1502
1492747339403,1502,HTTP Request,Non HTTP response code: org.apache.http.conn.ConnectTimeoutException,Non HTTP response message: Connect to 10.138.0.2:80 timed out,Thread Group 126-1,text,false,,1658,0,1,141,0,0,1502
1492747339404,1502,HTTP Request,Non HTTP response code: org.apache.http.conn.ConnectTimeoutException,Non HTTP response message: Connect to 10.138.0.2:80 timed out,Thread Group 93-1,text,false,,1658,0,1,141,0,0,1502
1492747339406,1501,HTTP Request,Non HTTP response code: org.apache.http.conn.ConnectTimeoutException,Non HTTP response message: Connect to 10.138.0.2:80 timed out,Thread Group 29-1,text,false,,1658,0,1,141,0,0,1501
1492747339406,1502,HTTP Request,Non HTTP response code: org.apache.http.conn.ConnectTimeoutException,Non HTTP response message: Connect to 10.138.0.2:80 timed out,Thread Group 121-1,text,false,,1658,0,1,141,0,0,1502
1492747339406,1502,HTTP Request,Non HTTP response code: org.apache.http.conn.ConnectTimeoutException,Non HTTP response message: Connect to 10.138.0.2:80 timed out,Thread Group 135-1,text,false,,1658,0,1,141,0,0,1502
1492747339406,1502,HTTP Request,Non HTTP response code: org.apache.http.conn.ConnectTimeoutException,Non HTTP response message: Connect to 10.138.0.2:80 timed out,Thread Group 136-1,text,false,,1658,0,1,141,0,0,1502
1492747339438,1502,HTTP Request,Non HTTP response code: org.apache.http.conn.ConnectTimeoutException,Non HTTP response message: Connect to 10.138.0.2:80 timed out,Thread Group 28-1,text,false,,1658,0,1,141,0,0,1502
1492747339438,1502,HTTP Request,Non HTTP response code: org.apache.http.conn.ConnectTimeoutException,Non HTTP response message: Connect to 10.138.0.2:80 timed out,Thread Group 19-1,text,false,,1658,0,1,141,0,0,1502
1492747339439,1501,HTTP Request,Non HTTP response code: org.apache.http.conn.ConnectTimeoutException,Non HTTP response message: Connect to 10.138.0.2:80 timed out,Thread Group 22-1,text,false,,1658,0,1,141,0,0,1501
1492747339439,1502,HTTP Request,Non HTTP response code: org.apache.http.conn.ConnectTimeoutException,Non HTTP response message: Connect to 10.138.0.2:80 timed out,Thread Group 109-1,text,false,,1658,0,1,141,0,0,1502
1492747339439,1502,HTTP Request,Non HTTP response code: org.apache.http.conn.ConnectTimeoutException,Non HTTP response message: Connect to 10.138.0.2:80 timed out,Thread Group 132-1,text,false,,1658,0,1,141,0,0,1502
1492747339439,1502,HTTP Request,Non HTTP response code: org.apache.http.conn.ConnectTimeoutException,Non HTTP response message: Connect to 10.138.0.2:80 timed out,Thread Group 129-1,text,false,,1658,0,1,141,0,0,1502
1492747339446,1501,HTTP Request,Non HTTP response code: org.apache.http.conn.ConnectTimeoutException,Non HTTP response message: Connect to 10.138.0.2:80 timed out,Thread Group 8-1,text,false,,1658,0,1,141,0,0,1501
1492747339446,1502,HTTP Request,Non HTTP response code: org.apache.http.conn.ConnectTimeoutException,Non HTTP response message: Connect to 10.138.0.2:80 timed out,Thread Group 71-1,text,false,,1658,0,1,141,0,0,1502
1492747339447,1501,HTTP Request,Non HTTP response code: org.apache.http.conn.ConnectTimeoutException,Non HTTP response message: Connect to 10.138.0.2:80 timed out,Thread Group 140-1,text,false,,1658,0,1,141,0,0,1501
1492747339446,1501,HTTP Request,Non HTTP response code: org.apache.http.conn.ConnectTimeoutException,Non HTTP response message: Connect to 10.138.0.2:80 timed out,Thread Group 13-1,text,false,,1658,0,1,141,0,0,1501
1492747339448,1501,HTTP Request,Non HTTP response code: org.apache.http.conn.ConnectTimeoutException,Non HTTP response message: Connect to 10.138.0.2:80 timed out,Thread Group 25-1,text,false,,1658,0,1,141,0,0,1501
1492747339448,1502,HTTP Request,Non HTTP response code: org.apache.http.conn.ConnectTimeoutException,Non HTTP response message: Connect to 10.138.0.2:80 timed out,Thread Group 78-1,text,false,,1658,0,1,141,0,0,1502
1492747339448,1502,HTTP Request,Non HTTP response code: org.apache.http.conn.ConnectTimeoutException,Non HTTP response message: Connect to 10.138.0.2:80 timed out,Thread Group 26-1,text,false,,1658,0,1,141,0,0,1502
1492747339448,1502,HTTP Request,Non HTTP response code: org.apache.http.conn.ConnectTimeoutException,Non HTTP response message: Connect to 10.138.0.2:80 timed out,Thread Group 106-1,text,false,,1658,0,1,141,0,0,1502
1492747339449,1501,HTTP Request,Non HTTP response code: org.apache.http.conn.ConnectTimeoutException,Non HTTP response message: Connect to 10.138.0.2:80 timed out,Thread Group 73-1,text,false,,1658,0,1,141,0,0,1501
1492747339449,1501,HTTP Request,Non HTTP response code: org.apache.http.conn.ConnectTimeoutException,Non HTTP response message: Connect to 10.138.0.2:80 timed out,Thread Group 32-1,text,false,,1658,0,1,141,0,0,1501
1492747339449,1502,HTTP Request,Non HTTP response code: org.apache.http.conn.ConnectTimeoutException,Non HTTP response message: Connect to 10.138.0.2:80 timed out,Thread Group 102-1,text,false,,1658,0,1,141,0,0,1502
1492747339450,1501,HTTP Request,Non HTTP response code: org.apache.http.conn.ConnectTimeoutException,Non HTTP response message: Connect to 10.138.0.2:80 timed out,Thread Group 43-1,text,false,,1658,0,1,141,0,0,1501
1492747339450,1501,HTTP Request,Non HTTP response code: org.apache.http.conn.ConnectTimeoutException,Non HTTP response message: Connect to 10.138.0.2:80 timed out,Thread Group 122-1,text,false,,1658,0,1,141,0,0,1501
1492747339450,1502,HTTP Request,Non HTTP response code: org.apache.http.conn.ConnectTimeoutException,Non HTTP response message: Connect to 10.138.0.2:80 timed out,Thread Group 40-1,text,false,,1658,0,1,141,0,0,1502
1492747339450,1502,HTTP Request,Non HTTP response code: org.apache.http.conn.ConnectTimeoutException,Non HTTP response message: Connect to 10.138.0.2:80 timed out,Thread Group 14-1,text,false,,1658,0,1,141,0,0,1502
1492747339451,1501,HTTP Request,Non HTTP response code: org.apache.http.conn.ConnectTimeoutException,Non HTTP response message: Connect to 10.138.0.2:80 timed out,Thread Group 4-1,text,false,,1658,0,1,141,0,0,1501
1492747339451,1501,HTTP Request,Non HTTP response code: org.apache.http.conn.ConnectTimeoutException,Non HTTP response message: Connect to 10.138.0.2:80 timed out,Thread Group 49-1,text,false,,1658,0,1,141,0,0,1501
1492747339451,1501,HTTP Request,Non HTTP response code: org.apache.http.conn.ConnectTimeoutException,Non HTTP response message: Connect to 10.138.0.2:80 timed out,Thread Group 79-1,text,false,,1658,0,1,141,0,0,1501
1492747339451,1502,HTTP Request,Non HTTP response code: org.apache.http.conn.ConnectTimeoutException,Non HTTP response message: Connect to 10.138.0.2:80 timed out,Thread Group 31-1,text,false,,1658,0,1,141,0,0,1502
1492747339451,1502,HTTP Request,Non HTTP response code: org.apache.http.conn.ConnectTimeoutException,Non HTTP response message: Connect to 10.138.0.2:80 timed out,Thread Group 86-1,text,false,,1658,0,1,141,0,0,1502
1492747339457,1501,HTTP Request,Non HTTP response code: org.apache.http.conn.ConnectTimeoutException,Non HTTP response message: Connect to 10.138.0.2:80 timed out,Thread Group 101-1,text,false,,1658,0,1,141,0,0,1501
1492747339584,1502,HTTP Request,Non HTTP response code: org.apache.http.conn.ConnectTimeoutException,Non HTTP response message: Connect to 10.138.0.2:80 timed out,Thread Group 103-1,text,false,,1658,0,1,141,0,0,1502
1492747339666,1502,HTTP Request,Non HTTP response code: org.apache.http.conn.ConnectTimeoutException,Non HTTP response message: Connect to 10.138.0.2:80 timed out,Thread Group 56-1,text,false,,1658,0,1,141,0,0,1502
1492747339672,1501,HTTP Request,Non HTTP response code: org.apache.http.conn.ConnectTimeoutException,Non HTTP response message: Connect to 10.138.0.2:80 timed out,Thread Group 2-1,text,false,,1658,0,1,141,0,0,1501
1492747339672,1502,HTTP Request,Non HTTP response code: org.apache.http.conn.ConnectTimeoutException,Non HTTP response message: Connect to 10.138.0.2:80 timed out,Thread Group 57-1,text,false,,1658,0,1,141,0,0,1502
1492747339672,1502,HTTP Request,Non HTTP response code: org.apache.http.conn.ConnectTimeoutException,Non HTTP response message: Connect to 10.138.0.2:80 timed out,Thread Group 69-1,text,false,,1658,0,1,141,0,0,1502
1492747339711,1502,HTTP Request,Non HTTP response code: java.net.SocketTimeoutException,Non HTTP response message: Read timed out,Thread Group 62-1,text,false,,2690,0,1,141,0,0,0
1492747339711,1503,HTTP Request,Non HTTP response code: java.net.SocketTimeoutException,Non HTTP response message: Read timed out,Thread Group 65-1,text,false,,2690,0,1,141,0,0,0
1492747339766,1502,HTTP Request,Non HTTP response code: org.apache.http.conn.ConnectTimeoutException,Non HTTP response message: Connect to 10.138.0.2:80 timed out,Thread Group 116-1,text,false,,1658,0,1,141,0,0,1502
1492747339785,1502,HTTP Request,Non HTTP response code: org.apache.http.conn.ConnectTimeoutException,Non HTTP response message: Connect to 10.138.0.2:80 timed out,Thread Group 130-1,text,false,,1658,0,1,141,0,0,1502
1492747339785,1502,HTTP Request,Non HTTP response code: org.apache.http.conn.ConnectTimeoutException,Non HTTP response message: Connect to 10.138.0.2:80 timed out,Thread Group 52-1,text,false,,1658,0,1,141,0,0,1502
1492747339785,1502,HTTP Request,Non HTTP response code: org.apache.http.conn.ConnectTimeoutException,Non HTTP response message: Connect to 10.138.0.2:80 timed out,Thread Group 15-1,text,false,,1658,0,1,141,0,0,1502
1492747339786,1502,HTTP Request,Non HTTP response code: org.apache.http.conn.ConnectTimeoutException,Non HTTP response message: Connect to 10.138.0.2:80 timed out,Thread Group 18-1,text,false,,1658,0,1,141,0,0,1502
1492747339794,1502,HTTP Request,Non HTTP response code: org.apache.http.conn.ConnectTimeoutException,Non HTTP response message: Connect to 10.138.0.2:80 timed out,Thread Group 96-1,text,false,,1658,0,1,141,0,0,1502
1492747339794,1502,HTTP Request,Non HTTP response code: org.apache.http.conn.ConnectTimeoutException,Non HTTP response message: Connect to 10.138.0.2:80 timed out,Thread Group 35-1,text,false,,1658,0,1,141,0,0,1502
1492747339794,1502,HTTP Request,Non HTTP response code: org.apache.http.conn.ConnectTimeoutException,Non HTTP response message: Connect to 10.138.0.2:80 timed out,Thread Group 105-1,text,false,,1658,0,1,141,0,0,1502
1492747339795,1501,HTTP Request,Non HTTP response code: org.apache.http.conn.ConnectTimeoutException,Non HTTP response message: Connect to 10.138.0.2:80 timed out,Thread Group 75-1,text,false,,1658,0,1,141,0,0,1501
1492747339795,1502,HTTP Request,Non HTTP response code: org.apache.http.conn.ConnectTimeoutException,Non HTTP response message: Connect to 10.138.0.2:80 timed out,Thread Group 88-1,text,false,,1658,0,1,141,0,0,1501
1492747339795,1502,HTTP Request,Non HTTP response code: org.apache.http.conn.ConnectTimeoutException,Non HTTP response message: Connect to 10.138.0.2:80 timed out,Thread Group 27-1,text,false,,1658,0,1,141,0,0,1502
1492747339794,1501,HTTP Request,Non HTTP response code: org.apache.http.conn.ConnectTimeoutException,Non HTTP response message: Connect to 10.138.0.2:80 timed out,Thread Group 11-1,text,false,,1658,0,1,141,0,0,1501
1492747339796,1501,HTTP Request,Non HTTP response code: org.apache.http.conn.ConnectTimeoutException,Non HTTP response message: Connect to 10.138.0.2:80 timed out,Thread Group 55-1,text,false,,1658,0,1,141,0,0,1501
1492747339796,1502,HTTP Request,Non HTTP response code: org.apache.http.conn.ConnectTimeoutException,Non HTTP response message: Connect to 10.138.0.2:80 timed out,Thread Group 138-1,text,false,,1658,0,1,141,0,0,1502
1492747339833,1502,HTTP Request,Non HTTP response code: org.apache.http.conn.ConnectTimeoutException,Non HTTP response message: Connect to 10.138.0.2:80 timed out,Thread Group 127-1,text,false,,1658,0,1,141,0,0,1502
1492747339834,1502,HTTP Request,Non HTTP response code: org.apache.http.conn.ConnectTimeoutException,Non HTTP response message: Connect to 10.138.0.2:80 timed out,Thread Group 70-1,text,false,,1658,0,1,141,0,0,1502
1492747339834,1502,HTTP Request,Non HTTP response code: org.apache.http.conn.ConnectTimeoutException,Non HTTP response message: Connect to 10.138.0.2:80 timed out,Thread Group 21-1,text,false,,1658,0,1,141,0,0,1502
1492747339834,1502,HTTP Request,Non HTTP response code: org.apache.http.conn.ConnectTimeoutException,Non HTTP response message: Connect to 10.138.0.2:80 timed out,Thread Group 76-1,text,false,,1658,0,1,141,0,0,1502
1492747339834,1502,HTTP Request,Non HTTP response code: org.apache.http.conn.ConnectTimeoutException,Non HTTP response message: Connect to 10.138.0.2:80 timed out,Thread Group 60-1,text,false,,1658,0,1,141,0,0,1502
1492747339834,1503,HTTP Request,Non HTTP response code: org.apache.http.conn.ConnectTimeoutException,Non HTTP response message: Connect to 10.138.0.2:80 timed out,Thread Group 124-1,text,false,,1658,0,1,141,0,0,1503
1492747339835,1502,HTTP Request,Non HTTP response code: org.apache.http.conn.ConnectTimeoutException,Non HTTP response message: Connect to 10.138.0.2:80 timed out,Thread Group 5-1,text,false,,1658,0,1,141,0,0,1502
1492747339835,1502,HTTP Request,Non HTTP response code: org.apache.http.conn.ConnectTimeoutException,Non HTTP response message: Connect to 10.138.0.2:80 timed out,Thread Group 67-1,text,false,,1658,0,1,141,0,0,1502
1492747339835,1502,HTTP Request,Non HTTP response code: org.apache.http.conn.ConnectTimeoutException,Non HTTP response message: Connect to 10.138.0.2:80 timed out,Thread Group 66-1,text,false,,1658,0,1,141,0,0,1502
1492747339835,1503,HTTP Request,Non HTTP response code: org.apache.http.conn.ConnectTimeoutException,Non HTTP response message: Connect to 10.138.0.2:80 timed out,Thread Group 51-1,text,false,,1658,0,1,141,0,0,1503
1492747339836,1502,HTTP Request,Non HTTP response code: org.apache.http.conn.ConnectTimeoutException,Non HTTP response message: Connect to 10.138.0.2:80 timed out,Thread Group 81-1,text,false,,1658,0,1,141,0,0,1502
1492747339836,1502,HTTP Request,Non HTTP response code: org.apache.http.conn.ConnectTimeoutException,Non HTTP response message: Connect to 10.138.0.2:80 timed out,Thread Group 120-1,text,false,,1658,0,1,141,0,0,1502
1492747339835,1503,HTTP Request,Non HTTP response code: org.apache.http.conn.ConnectTimeoutException,Non HTTP response message: Connect to 10.138.0.2:80 timed out,Thread Group 134-1,text,false,,1658,0,1,141,0,0,1503
1492747339836,1502,HTTP Request,Non HTTP response code: org.apache.http.conn.ConnectTimeoutException,Non HTTP response message: Connect to 10.138.0.2:80 timed out,Thread Group 58-1,text,false,,1658,0,1,141,0,0,1502
1492747339836,1503,HTTP Request,Non HTTP response code: org.apache.http.conn.ConnectTimeoutException,Non HTTP response message: Connect to 10.138.0.2:80 timed out,Thread Group 36-1,text,false,,1658,0,1,141,0,0,1503
1492747339836,1503,HTTP Request,Non HTTP response code: org.apache.http.conn.ConnectTimeoutException,Non HTTP response message: Connect to 10.138.0.2:80 timed out,Thread Group 90-1,text,false,,1658,0,1,141,0,0,1503
1492747339837,1502,HTTP Request,Non HTTP response code: org.apache.http.conn.ConnectTimeoutException,Non HTTP response message: Connect to 10.138.0.2:80 timed out,Thread Group 139-1,text,false,,1658,0,1,141,0,0,1502
1492747339837,1502,HTTP Request,Non HTTP response code: org.apache.http.conn.ConnectTimeoutException,Non HTTP response message: Connect to 10.138.0.2:80 timed out,Thread Group 131-1,text,false,,1658,0,1,141,0,0,1502
1492747339837,1502,HTTP Request,Non HTTP response code: org.apache.http.conn.ConnectTimeoutException,Non HTTP response message: Connect to 10.138.0.2:80 timed out,Thread Group 53-1,text,false,,1658,0,1,141,0,0,1502
1492747339833,1502,HTTP Request,Non HTTP response code: org.apache.http.conn.ConnectTimeoutException,Non HTTP response message: Connect to 10.138.0.2:80 timed out,Thread Group 34-1,text,false,,1658,0,1,141,0,0,1502
1492747339840,1501,HTTP Request,Non HTTP response code: org.apache.http.conn.ConnectTimeoutException,Non HTTP response message: Connect to 10.138.0.2:80 timed out,Thread Group 46-1,text,false,,1658,0,1,141,0,0,1501
1492747339898,1502,HTTP Request,Non HTTP response code: org.apache.http.conn.ConnectTimeoutException,Non HTTP response message: Connect to 10.138.0.2:80 timed out,Thread Group 117-1,text,false,,1658,0,1,141,0,0,1502
1492747339042,2500,HTTP Request,Non HTTP response code: java.net.SocketTimeoutException,Non HTTP response message: Read timed out,Thread Group 74-1,text,false,,2690,0,1,141,0,0,998
1492747340102,1502,HTTP Request,Non HTTP response code: org.apache.http.conn.ConnectTimeoutException,Non HTTP response message: Connect to 10.138.0.2:80 timed out,Thread Group 17-1,text,false,,1658,0,1,141,0,0,1502
1492747340104,1501,HTTP Request,Non HTTP response code: org.apache.http.conn.ConnectTimeoutException,Non HTTP response message: Connect to 10.138.0.2:80 timed out,Thread Group 1-1,text,false,,1658,0,1,141,0,0,1501
1492747340104,1502,HTTP Request,Non HTTP response code: org.apache.http.conn.ConnectTimeoutException,Non HTTP response message: Connect to 10.138.0.2:80 timed out,Thread Group 83-1,text,false,,1658,0,1,141,0,0,1502
1492747340104,1502,HTTP Request,Non HTTP response code: org.apache.http.conn.ConnectTimeoutException,Non HTTP response message: Connect to 10.138.0.2:80 timed out,Thread Group 54-1,text,false,,1658,0,1,141,0,0,1502
1492747340104,1502,HTTP Request,Non HTTP response code: org.apache.http.conn.ConnectTimeoutException,Non HTTP response message: Connect to 10.138.0.2:80 timed out,Thread Group 38-1,text,false,,1658,0,1,141,0,0,1502
1492747340105,1501,HTTP Request,Non HTTP response code: org.apache.http.conn.ConnectTimeoutException,Non HTTP response message: Connect to 10.138.0.2:80 timed out,Thread Group 20-1,text,false,,1658,0,1,141,0,0,1501
1492747340105,1502,HTTP Request,Non HTTP response code: org.apache.http.conn.ConnectTimeoutException,Non HTTP response message: Connect to 10.138.0.2:80 timed out,Thread Group 82-1,text,false,,1658,0,1,141,0,0,1502
1492747340105,1502,HTTP Request,Non HTTP response code: org.apache.http.conn.ConnectTimeoutException,Non HTTP response message: Connect to 10.138.0.2:80 timed out,Thread Group 45-1,text,false,,1658,0,1,141,0,0,1502
1492747339139,2499,HTTP Request,Non HTTP response code: java.net.SocketTimeoutException,Non HTTP response message: Read timed out,Thread Group 123-1,text,false,,2690,0,1,141,0,0,997
1492747340220,1502,HTTP Request,Non HTTP response code: org.apache.http.conn.ConnectTimeoutException,Non HTTP response message: Connect to 10.138.0.2:80 timed out,Thread Group 30-1,text,false,,1658,0,1,141,0,0,1502
1492747340220,1502,HTTP Request,Non HTTP response code: org.apache.http.conn.ConnectTimeoutException,Non HTTP response message: Connect to 10.138.0.2:80 timed out,Thread Group 64-1,text,false,,1658,0,1,141,0,0,1502
1492747340221,1501,HTTP Request,Non HTTP response code: org.apache.http.conn.ConnectTimeoutException,Non HTTP response message: Connect to 10.138.0.2:80 timed out,Thread Group 72-1,text,false,,1658,0,1,141,0,0,1501
1492747340221,1502,HTTP Request,Non HTTP response code: org.apache.http.conn.ConnectTimeoutException,Non HTTP response message: Connect to 10.138.0.2:80 timed out,Thread Group 6-1,text,false,,1658,0,1,141,0,0,1502
1492747340224,1501,HTTP Request,Non HTTP response code: org.apache.http.conn.ConnectTimeoutException,Non HTTP response message: Connect to 10.138.0.2:80 timed out,Thread Group 41-1,text,false,,1658,0,1,141,0,0,1501
1492747339365,2501,HTTP Request,Non HTTP response code: java.net.SocketTimeoutException,Non HTTP response message: Read timed out,Thread Group 104-1,text,false,,2690,0,1,141,0,0,999
1492747340614,1501,HTTP Request,Non HTTP response code: org.apache.http.conn.ConnectTimeoutException,Non HTTP response message: Connect to 10.138.0.2:80 timed out,Thread Group 39-1,text,false,,1658,0,1,141,0,0,1500
1492747340613,1502,HTTP Request,Non HTTP response code: org.apache.http.conn.ConnectTimeoutException,Non HTTP response message: Connect to 10.138.0.2:80 timed out,Thread Group 114-1,text,false,,1658,0,1,141,0,0,1502
1492747340613,1502,HTTP Request,Non HTTP response code: org.apache.http.conn.ConnectTimeoutException,Non HTTP response message: Connect to 10.138.0.2:80 timed out,Thread Group 68-1,text,false,,1658,0,1,141,0,0,1502
1492747340614,1502,HTTP Request,Non HTTP response code: org.apache.http.conn.ConnectTimeoutException,Non HTTP response message: Connect to 10.138.0.2:80 timed out,Thread Group 77-1,text,false,,1658,0,1,141,0,0,1502
1492747340614,1502,HTTP Request,Non HTTP response code: org.apache.http.conn.ConnectTimeoutException,Non HTTP response message: Connect to 10.138.0.2:80 timed out,Thread Group 108-1,text,false,,1658,0,1,141,0,0,1502
1492747340614,1502,HTTP Request,Non HTTP response code: org.apache.http.conn.ConnectTimeoutException,Non HTTP response message: Connect to 10.138.0.2:80 timed out,Thread Group 24-1,text,false,,1658,0,1,141,0,0,1502
1492747340615,1501,HTTP Request,Non HTTP response code: org.apache.http.conn.ConnectTimeoutException,Non HTTP response message: Connect to 10.138.0.2:80 timed out,Thread Group 3-1,text,false,,1658,0,1,141,0,0,1501
1492747340615,1501,HTTP Request,Non HTTP response code: org.apache.http.conn.ConnectTimeoutException,Non HTTP response message: Connect to 10.138.0.2:80 timed out,Thread Group 85-1,text,false,,1658,0,1,141,0,0,1501
1492747340615,1502,HTTP Request,Non HTTP response code: org.apache.http.conn.ConnectTimeoutException,Non HTTP response message: Connect to 10.138.0.2:80 timed out,Thread Group 9-1,text,false,,1658,0,1,141,0,0,1502
1492747340615,1502,HTTP Request,Non HTTP response code: org.apache.http.conn.ConnectTimeoutException,Non HTTP response message: Connect to 10.138.0.2:80 timed out,Thread Group 59-1,text,false,,1658,0,1,141,0,0,1502
1492747340614,1501,HTTP Request,Non HTTP response code: org.apache.http.conn.ConnectTimeoutException,Non HTTP response message: Connect to 10.138.0.2:80 timed out,Thread Group 119-1,text,false,,1658,0,1,141,0,0,1501
1492747340616,1501,HTTP Request,Non HTTP response code: org.apache.http.conn.ConnectTimeoutException,Non HTTP response message: Connect to 10.138.0.2:80 timed out,Thread Group 23-1,text,false,,1658,0,1,141,0,0,1501
1492747340613,1505,HTTP Request,Non HTTP response code: java.net.SocketTimeoutException,Non HTTP response message: Read timed out,Thread Group 33-1,text,false,,2690,0,1,141,0,0,3
1492747340624,1502,HTTP Request,Non HTTP response code: org.apache.http.conn.ConnectTimeoutException,Non HTTP response message: Connect to 10.138.0.2:80 timed out,Thread Group 141-1,text,false,,1658,0,1,141,0,0,1502
1492747340624,1502,HTTP Request,Non HTTP response code: org.apache.http.conn.ConnectTimeoutException,Non HTTP response message: Connect to 10.138.0.2:80 timed out,Thread Group 111-1,text,false,,1658,0,1,141,0,0,1502
1492747340640,1502,HTTP Request,Non HTTP response code: org.apache.http.conn.ConnectTimeoutException,Non HTTP response message: Connect to 10.138.0.2:80 timed out,Thread Group 133-1,text,false,,1658,0,1,141,0,0,1502
1492747340647,1501,HTTP Request,Non HTTP response code: org.apache.http.conn.ConnectTimeoutException,Non HTTP response message: Connect to 10.138.0.2:80 timed out,Thread Group 95-1,text,false,,1658,0,1,141,0,0,1501
1492747340648,1501,HTTP Request,Non HTTP response code: org.apache.http.conn.ConnectTimeoutException,Non HTTP response message: Connect to 10.138.0.2:80 timed out,Thread Group 107-1,text,false,,1658,0,1,141,0,0,1501
1492747340648,1502,HTTP Request,Non HTTP response code: org.apache.http.conn.ConnectTimeoutException,Non HTTP response message: Connect to 10.138.0.2:80 timed out,Thread Group 112-1,text,false,,1658,0,1,141,0,0,1502
1492747340648,1502,HTTP Request,Non HTTP response code: org.apache.http.conn.ConnectTimeoutException,Non HTTP response message: Connect to 10.138.0.2:80 timed out,Thread Group 61-1,text,false,,1658,0,1,141,0,0,1502
1492747340648,1502,HTTP Request,Non HTTP response code: org.apache.http.conn.ConnectTimeoutException,Non HTTP response message: Connect to 10.138.0.2:80 timed out,Thread Group 50-1,text,false,,1658,0,1,141,0,0,1502
1492747340649,1501,HTTP Request,Non HTTP response code: org.apache.http.conn.ConnectTimeoutException,Non HTTP response message: Connect to 10.138.0.2:80 timed out,Thread Group 42-1,text,false,,1658,0,1,141,0,0,1501
1492747340650,1500,HTTP Request,Non HTTP response code: org.apache.http.conn.ConnectTimeoutException,Non HTTP response message: Connect to 10.138.0.2:80 timed out,Thread Group 87-1,text,false,,1658,0,1,141,0,0,1500
1492747340649,1502,HTTP Request,Non HTTP response code: org.apache.http.conn.ConnectTimeoutException,Non HTTP response message: Connect to 10.138.0.2:80 timed out,Thread Group 115-1,text,false,,1658,0,1,141,0,0,1502
1492747340650,1501,HTTP Request,Non HTTP response code: org.apache.http.conn.ConnectTimeoutException,Non HTTP response message: Connect to 10.138.0.2:80 timed out,Thread Group 98-1,text,false,,1658,0,1,141,0,0,1501
1492747340650,1502,HTTP Request,Non HTTP response code: org.apache.http.conn.ConnectTimeoutException,Non HTTP response message: Connect to 10.138.0.2:80 timed out,Thread Group 84-1,text,false,,1658,0,1,141,0,0,1502
1492747340650,1502,HTTP Request,Non HTTP response code: org.apache.http.conn.ConnectTimeoutException,Non HTTP response message: Connect to 10.138.0.2:80 timed out,Thread Group 128-1,text,false,,1658,0,1,141,0,0,1502
1492747340651,1501,HTTP Request,Non HTTP response code: org.apache.http.conn.ConnectTimeoutException,Non HTTP response message: Connect to 10.138.0.2:80 timed out,Thread Group 89-1,text,false,,1658,0,1,141,0,0,1501
1492747340652,1500,HTTP Request,Non HTTP response code: org.apache.http.conn.ConnectTimeoutException,Non HTTP response message: Connect to 10.138.0.2:80 timed out,Thread Group 92-1,text,false,,1658,0,1,141,0,0,1500
1492747340651,1501,HTTP Request,Non HTTP response code: org.apache.http.conn.ConnectTimeoutException,Non HTTP response message: Connect to 10.138.0.2:80 timed out,Thread Group 125-1,text,false,,1658,0,1,141,0,0,1501
1492747340651,1502,HTTP Request,Non HTTP response code: org.apache.http.conn.ConnectTimeoutException,Non HTTP response message: Connect to 10.138.0.2:80 timed out,Thread Group 91-1,text,false,,1658,0,1,141,0,0,1502
1492747340651,1502,HTTP Request,Non HTTP response code: org.apache.http.conn.ConnectTimeoutException,Non HTTP response message: Connect to 10.138.0.2:80 timed out,Thread Group 100-1,text,false,,1658,0,1,141,0,0,1502
1492747340652,1502,HTTP Request,Non HTTP response code: org.apache.http.conn.ConnectTimeoutException,Non HTTP response message: Connect to 10.138.0.2:80 timed out,Thread Group 12-1,text,false,,1658,0,1,141,0,0,1502
1492747340652,1502,HTTP Request,Non HTTP response code: org.apache.http.conn.ConnectTimeoutException,Non HTTP response message: Connect to 10.138.0.2:80 timed out,Thread Group 97-1,text,false,,1658,0,1,141,0,0,1502
1492747340653,1501,HTTP Request,Non HTTP response code: org.apache.http.conn.ConnectTimeoutException,Non HTTP response message: Connect to 10.138.0.2:80 timed out,Thread Group 137-1,text,false,,1658,0,1,141,0,0,1501
1492747340727,1502,HTTP Request,Non HTTP response code: org.apache.http.conn.ConnectTimeoutException,Non HTTP response message: Connect to 10.138.0.2:80 timed out,Thread Group 47-1,text,false,,1658,0,1,141,0,0,1502
1492747340727,1502,HTTP Request,Non HTTP response code: org.apache.http.conn.ConnectTimeoutException,Non HTTP response message: Connect to 10.138.0.2:80 timed out,Thread Group 80-1,text,false,,1658,0,1,141,0,0,1502
1492747340727,1502,HTTP Request,Non HTTP response code: org.apache.http.conn.ConnectTimeoutException,Non HTTP response message: Connect to 10.138.0.2:80 timed out,Thread Group 110-1,text,false,,1658,0,1,141,0,0,1502
1492747340728,1502,HTTP Request,Non HTTP response code: org.apache.http.conn.ConnectTimeoutException,Non HTTP response message: Connect to 10.138.0.2:80 timed out,Thread Group 7-1,text,false,,1658,0,1,141,0,0,1502
1492747340728,1502,HTTP Request,Non HTTP response code: org.apache.http.conn.ConnectTimeoutException,Non HTTP response message: Connect to 10.138.0.2:80 timed out,Thread Group 94-1,text,false,,1658,0,1,141,0,0,1502
1492747340728,1502,HTTP Request,Non HTTP response code: org.apache.http.conn.ConnectTimeoutException,Non HTTP response message: Connect to 10.138.0.2:80 timed out,Thread Group 99-1,text,false,,1658,0,1,141,0,0,1502
1492747340728,1502,HTTP Request,Non HTTP response code: org.apache.http.conn.ConnectTimeoutException,Non HTTP response message: Connect to 10.138.0.2:80 timed out,Thread Group 48-1,text,false,,1658,0,1,141,0,0,1502
1492747340729,1502,HTTP Request,Non HTTP response code: org.apache.http.conn.ConnectTimeoutException,Non HTTP response message: Connect to 10.138.0.2:80 timed out,Thread Group 44-1,text,false,,1658,0,1,141,0,0,1502
1492747340729,1502,HTTP Request,Non HTTP response code: org.apache.http.conn.ConnectTimeoutException,Non HTTP response message: Connect to 10.138.0.2:80 timed out,Thread Group 63-1,text,false,,1658,0,1,141,0,0,1502
1492747340757,1502,HTTP Request,Non HTTP response code: org.apache.http.conn.ConnectTimeoutException,Non HTTP response message: Connect to 10.138.0.2:80 timed out,Thread Group 118-1,text,false,,1658,0,1,141,0,0,1502
1492747340905,1502,HTTP Request,Non HTTP response code: org.apache.http.conn.ConnectTimeoutException,Non HTTP response message: Connect to 10.138.0.2:80 timed out,Thread Group 113-1,text,false,,1658,0,1,141,0,0,1502
1492747340906,1502,HTTP Request,Non HTTP response code: org.apache.http.conn.ConnectTimeoutException,Non HTTP response message: Connect to 10.138.0.2:80 timed out,Thread Group 93-1,text,false,,1658,0,1,141,0,0,1502
1492747340907,1501,HTTP Request,Non HTTP response code: org.apache.http.conn.ConnectTimeoutException,Non HTTP response message: Connect to 10.138.0.2:80 timed out,Thread Group 29-1,text,false,,1658,0,1,141,0,0,1501
1492747340905,1502,HTTP Request,Non HTTP response code: org.apache.http.conn.ConnectTimeoutException,Non HTTP response message: Connect to 10.138.0.2:80 timed out,Thread Group 126-1,text,false,,1658,0,1,141,0,0,1502
1492747340908,1501,HTTP Request,Non HTTP response code: org.apache.http.conn.ConnectTimeoutException,Non HTTP response message: Connect to 10.138.0.2:80 timed out,Thread Group 121-1,text,false,,1658,0,1,141,0,0,1501
1492747340908,1502,HTTP Request,Non HTTP response code: org.apache.http.conn.ConnectTimeoutException,Non HTTP response message: Connect to 10.138.0.2:80 timed out,Thread Group 135-1,text,false,,1658,0,1,141,0,0,1502
1492747340908,1502,HTTP Request,Non HTTP response code: org.apache.http.conn.ConnectTimeoutException,Non HTTP response message: Connect to 10.138.0.2:80 timed out,Thread Group 136-1,text,false,,1658,0,1,141,0,0,1502
1492747340940,1502,HTTP Request,Non HTTP response code: org.apache.http.conn.ConnectTimeoutException,Non HTTP response message: Connect to 10.138.0.2:80 timed out,Thread Group 28-1,text,false,,1658,0,1,141,0,0,1502
1492747340940,1502,HTTP Request,Non HTTP response code: org.apache.http.conn.ConnectTimeoutException,Non HTTP response message: Connect to 10.138.0.2:80 timed out,Thread Group 19-1,text,false,,1658,0,1,141,0,0,1502
1492747340940,1503,HTTP Request,Non HTTP response code: org.apache.http.conn.ConnectTimeoutException,Non HTTP response message: Connect to 10.138.0.2:80 timed out,Thread Group 22-1,text,false,,1658,0,1,141,0,0,1503
1492747340941,1502,HTTP Request,Non HTTP response code: org.apache.http.conn.ConnectTimeoutException,Non HTTP response message: Connect to 10.138.0.2:80 timed out,Thread Group 109-1,text,false,,1658,0,1,141,0,0,1502
1492747340948,1502,HTTP Request,Non HTTP response code: org.apache.http.conn.ConnectTimeoutException,Non HTTP response message: Connect to 10.138.0.2:80 timed out,Thread Group 13-1,text,false,,1658,0,1,141,0,0,1502
1492747340948,1502,HTTP Request,Non HTTP response code: org.apache.http.conn.ConnectTimeoutException,Non HTTP response message: Connect to 10.138.0.2:80 timed out,Thread Group 140-1,text,false,,1658,0,1,141,0,0,1502
1492747340948,1502,HTTP Request,Non HTTP response code: org.apache.http.conn.ConnectTimeoutException,Non HTTP response message: Connect to 10.138.0.2:80 timed out,Thread Group 71-1,text,false,,1658,0,1,141,0,0,1502
1492747340947,1503,HTTP Request,Non HTTP response code: org.apache.http.conn.ConnectTimeoutException,Non HTTP response message: Connect to 10.138.0.2:80 timed out,Thread Group 8-1,text,false,,1658,0,1,141,0,0,1503
1492747340941,1502,HTTP Request,Non HTTP response code: org.apache.http.conn.ConnectTimeoutException,Non HTTP response message: Connect to 10.138.0.2:80 timed out,Thread Group 132-1,text,false,,1658,0,1,141,0,0,1502
1492747340941,1510,HTTP Request,Non HTTP response code: org.apache.http.conn.ConnectTimeoutException,Non HTTP response message: Connect to 10.138.0.2:80 timed out,Thread Group 129-1,text,false,,1658,0,1,141,0,0,1510
1492747340949,1502,HTTP Request,Non HTTP response code: org.apache.http.conn.ConnectTimeoutException,Non HTTP response message: Connect to 10.138.0.2:80 timed out,Thread Group 25-1,text,false,,1658,0,1,141,0,0,1502
1492747340950,1501,HTTP Request,Non HTTP response code: org.apache.http.conn.ConnectTimeoutException,Non HTTP response message: Connect to 10.138.0.2:80 timed out,Thread Group 78-1,text,false,,1658,0,1,141,0,0,1501
1492747340950,1502,HTTP Request,Non HTTP response code: org.apache.http.conn.ConnectTimeoutException,Non HTTP response message: Connect to 10.138.0.2:80 timed out,Thread Group 106-1,text,false,,1658,0,1,141,0,0,1502
1492747340950,1502,HTTP Request,Non HTTP response code: org.apache.http.conn.ConnectTimeoutException,Non HTTP response message: Connect to 10.138.0.2:80 timed out,Thread Group 73-1,text,false,,1658,0,1,141,0,0,1502
1492747340951,1501,HTTP Request,Non HTTP response code: org.apache.http.conn.ConnectTimeoutException,Non HTTP response message: Connect to 10.138.0.2:80 timed out,Thread Group 32-1,text,false,,1658,0,1,141,0,0,1501
1492747340951,1501,HTTP Request,Non HTTP response code: org.apache.http.conn.ConnectTimeoutException,Non HTTP response message: Connect to 10.138.0.2:80 timed out,Thread Group 102-1,text,false,,1658,0,1,141,0,0,1501
1492747340951,1501,HTTP Request,Non HTTP response code: org.apache.http.conn.ConnectTimeoutException,Non HTTP response message: Connect to 10.138.0.2:80 timed out,Thread Group 43-1,text,false,,1658,0,1,141,0,0,1501
1492747340950,1503,HTTP Request,Non HTTP response code: org.apache.http.conn.ConnectTimeoutException,Non HTTP response message: Connect to 10.138.0.2:80 timed out,Thread Group 26-1,text,false,,1658,0,1,141,0,0,1503
1492747340952,1501,HTTP Request,Non HTTP response code: org.apache.http.conn.ConnectTimeoutException,Non HTTP response message: Connect to 10.138.0.2:80 timed out,Thread Group 40-1,text,false,,1658,0,1,141,0,0,1501
1492747340952,1502,HTTP Request,Non HTTP response code: org.apache.http.conn.ConnectTimeoutException,Non HTTP response message: Connect to 10.138.0.2:80 timed out,Thread Group 14-1,text,false,,1658,0,1,141,0,0,1502
1492747340952,1502,HTTP Request,Non HTTP response code: org.apache.http.conn.ConnectTimeoutException,Non HTTP response message: Connect to 10.138.0.2:80 timed out,Thread Group 4-1,text,false,,1658,0,1,141,0,0,1502
1492747340952,1502,HTTP Request,Non HTTP response code: org.apache.http.conn.ConnectTimeoutException,Non HTTP response message: Connect to 10.138.0.2:80 timed out,Thread Group 49-1,text,false,,1658,0,1,141,0,0,1502
1492747340952,1502,HTTP Request,Non HTTP response code: org.apache.http.conn.ConnectTimeoutException,Non HTTP response message: Connect to 10.138.0.2:80 timed out,Thread Group 79-1,text,false,,1658,0,1,141,0,0,1502
1492747340953,1501,HTTP Request,Non HTTP response code: org.apache.http.conn.ConnectTimeoutException,Non HTTP response message: Connect to 10.138.0.2:80 timed out,Thread Group 31-1,text,false,,1658,0,1,141,0,0,1501
1492747340953,1502,HTTP Request,Non HTTP response code: org.apache.http.conn.ConnectTimeoutException,Non HTTP response message: Connect to 10.138.0.2:80 timed out,Thread Group 86-1,text,false,,1658,0,1,141,0,0,1502
1492747340951,1504,HTTP Request,Non HTTP response code: org.apache.http.conn.ConnectTimeoutException,Non HTTP response message: Connect to 10.138.0.2:80 timed out,Thread Group 122-1,text,false,,1658,0,1,141,0,0,1504
1492747340958,1502,HTTP Request,Non HTTP response code: org.apache.http.conn.ConnectTimeoutException,Non HTTP response message: Connect to 10.138.0.2:80 timed out,Thread Group 101-1,text,false,,1658,0,1,141,0,0,1502
1492747341087,1502,HTTP Request,Non HTTP response code: java.net.SocketTimeoutException,Non HTTP response message: Read timed out,Thread Group 103-1,text,false,,2690,0,1,141,0,0,0
1492747341168,1502,HTTP Request,Non HTTP response code: org.apache.http.conn.ConnectTimeoutException,Non HTTP response message: Connect to 10.138.0.2:80 timed out,Thread Group 56-1,text,false,,1658,0,1,141,0,0,1502
1492747341174,1501,HTTP Request,Non HTTP response code: org.apache.http.conn.ConnectTimeoutException,Non HTTP response message: Connect to 10.138.0.2:80 timed out,Thread Group 2-1,text,false,,1658,0,1,141,0,0,1501
1492747341174,1502,HTTP Request,Non HTTP response code: org.apache.http.conn.ConnectTimeoutException,Non HTTP response message: Connect to 10.138.0.2:80 timed out,Thread Group 57-1,text,false,,1658,0,1,141,0,0,1502
1492747341174,1502,HTTP Request,Non HTTP response code: org.apache.http.conn.ConnectTimeoutException,Non HTTP response message: Connect to 10.138.0.2:80 timed out,Thread Group 69-1,text,false,,1658,0,1,141,0,0,1502
1492747341214,1499,HTTP Request,Non HTTP response code: org.apache.http.conn.ConnectTimeoutException,Non HTTP response message: Connect to 10.138.0.2:80 timed out,Thread Group 65-1,text,false,,1658,0,1,141,0,0,1499
1492747341213,1502,HTTP Request,Non HTTP response code: org.apache.http.conn.ConnectTimeoutException,Non HTTP response message: Connect to 10.138.0.2:80 timed out,Thread Group 62-1,text,false,,1658,0,1,141,0,0,1502
1492747341268,1502,HTTP Request,Non HTTP response code: org.apache.http.conn.ConnectTimeoutException,Non HTTP response message: Connect to 10.138.0.2:80 timed out,Thread Group 116-1,text,false,,1658,0,1,141,0,0,1502
1492747341287,1502,HTTP Request,Non HTTP response code: org.apache.http.conn.ConnectTimeoutException,Non HTTP response message: Connect to 10.138.0.2:80 timed out,Thread Group 130-1,text,false,,1658,0,1,141,0,0,1502
1492747341287,1502,HTTP Request,Non HTTP response code: org.apache.http.conn.ConnectTimeoutException,Non HTTP response message: Connect to 10.138.0.2:80 timed out,Thread Group 52-1,text,false,,1658,0,1,141,0,0,1502
1492747341288,1501,HTTP Request,Non HTTP response code: org.apache.http.conn.ConnectTimeoutException,Non HTTP response message: Connect to 10.138.0.2:80 timed out,Thread Group 18-1,text,false,,1658,0,1,141,0,0,1501
1492747341287,1503,HTTP Request,Non HTTP response code: org.apache.http.conn.ConnectTimeoutException,Non HTTP response message: Connect to 10.138.0.2:80 timed out,Thread Group 15-1,text,false,,1658,0,1,141,0,0,1503
1492747341296,1501,HTTP Request,Non HTTP response code: org.apache.http.conn.ConnectTimeoutException,Non HTTP response message: Connect to 10.138.0.2:80 timed out,Thread Group 96-1,text,false,,1658,0,1,141,0,0,1501
1492747341296,1502,HTTP Request,Non HTTP response code: org.apache.http.conn.ConnectTimeoutException,Non HTTP response message: Connect to 10.138.0.2:80 timed out,Thread Group 35-1,text,false,,1658,0,1,141,0,0,1502
1492747341296,1502,HTTP Request,Non HTTP response code: org.apache.http.conn.ConnectTimeoutException,Non HTTP response message: Connect to 10.138.0.2:80 timed out,Thread Group 105-1,text,false,,1658,0,1,141,0,0,1502
1492747341296,1502,HTTP Request,Non HTTP response code: org.apache.http.conn.ConnectTimeoutException,Non HTTP response message: Connect to 10.138.0.2:80 timed out,Thread Group 75-1,text,false,,1658,0,1,141,0,0,1502
1492747341297,1501,HTTP Request,Non HTTP response code: org.apache.http.conn.ConnectTimeoutException,Non HTTP response message: Connect to 10.138.0.2:80 timed out,Thread Group 88-1,text,false,,1658,0,1,141,0,0,1501
1492747341297,1502,HTTP Request,Non HTTP response code: org.apache.http.conn.ConnectTimeoutException,Non HTTP response message: Connect to 10.138.0.2:80 timed out,Thread Group 27-1,text,false,,1658,0,1,141,0,0,1502
1492747341297,1502,HTTP Request,Non HTTP response code: org.apache.http.conn.ConnectTimeoutException,Non HTTP response message: Connect to 10.138.0.2:80 timed out,Thread Group 11-1,text,false,,1658,0,1,141,0,0,1502
1492747341297,1502,HTTP Request,Non HTTP response code: org.apache.http.conn.ConnectTimeoutException,Non HTTP response message: Connect to 10.138.0.2:80 timed out,Thread Group 55-1,text,false,,1658,0,1,141,0,0,1502
1492747341298,1501,HTTP Request,Non HTTP response code: org.apache.http.conn.ConnectTimeoutException,Non HTTP response message: Connect to 10.138.0.2:80 timed out,Thread Group 138-1,text,false,,1658,0,1,141,0,0,1501
1492747341336,1502,HTTP Request,Non HTTP response code: org.apache.http.conn.ConnectTimeoutException,Non HTTP response message: Connect to 10.138.0.2:80 timed out,Thread Group 70-1,text,false,,1658,0,1,141,0,0,1501
1492747341336,1502,HTTP Request,Non HTTP response code: org.apache.http.conn.ConnectTimeoutException,Non HTTP response message: Connect to 10.138.0.2:80 timed out,Thread Group 21-1,text,false,,1658,0,1,141,0,0,1502
1492747341336,1502,HTTP Request,Non HTTP response code: org.apache.http.conn.ConnectTimeoutException,Non HTTP response message: Connect to 10.138.0.2:80 timed out,Thread Group 76-1,text,false,,1658,0,1,141,0,0,1502
1492747341336,1502,HTTP Request,Non HTTP response code: org.apache.http.conn.ConnectTimeoutException,Non HTTP response message: Connect to 10.138.0.2:80 timed out,Thread Group 60-1,text,false,,1658,0,1,141,0,0,1502
1492747341337,1502,HTTP Request,Non HTTP response code: org.apache.http.conn.ConnectTimeoutException,Non HTTP response message: Connect to 10.138.0.2:80 timed out,Thread Group 124-1,text,false,,1658,0,1,141,0,0,1502
1492747341337,1502,HTTP Request,Non HTTP response code: org.apache.http.conn.ConnectTimeoutException,Non HTTP response message: Connect to 10.138.0.2:80 timed out,Thread Group 5-1,text,false,,1658,0,1,141,0,0,1502
1492747341337,1502,HTTP Request,Non HTTP response code: org.apache.http.conn.ConnectTimeoutException,Non HTTP response message: Connect to 10.138.0.2:80 timed out,Thread Group 67-1,text,false,,1658,0,1,141,0,0,1502
1492747341337,1502,HTTP Request,Non HTTP response code: org.apache.http.conn.ConnectTimeoutException,Non HTTP response message: Connect to 10.138.0.2:80 timed out,Thread Group 66-1,text,false,,1658,0,1,141,0,0,1502
1492747341338,1501,HTTP Request,Non HTTP response code: org.apache.http.conn.ConnectTimeoutException,Non HTTP response message: Connect to 10.138.0.2:80 timed out,Thread Group 51-1,text,false,,1658,0,1,141,0,0,1501
1492747341338,1502,HTTP Request,Non HTTP response code: org.apache.http.conn.ConnectTimeoutException,Non HTTP response message: Connect to 10.138.0.2:80 timed out,Thread Group 81-1,text,false,,1658,0,1,141,0,0,1502
1492747341338,1502,HTTP Request,Non HTTP response code: org.apache.http.conn.ConnectTimeoutException,Non HTTP response message: Connect to 10.138.0.2:80 timed out,Thread Group 120-1,text,false,,1658,0,1,141,0,0,1502
1492747341338,1502,HTTP Request,Non HTTP response code: org.apache.http.conn.ConnectTimeoutException,Non HTTP response message: Connect to 10.138.0.2:80 timed out,Thread Group 134-1,text,false,,1658,0,1,141,0,0,1502
1492747341339,1501,HTTP Request,Non HTTP response code: org.apache.http.conn.ConnectTimeoutException,Non HTTP response message: Connect to 10.138.0.2:80 timed out,Thread Group 58-1,text,false,,1658,0,1,141,0,0,1501
1492747341339,1501,HTTP Request,Non HTTP response code: org.apache.http.conn.ConnectTimeoutException,Non HTTP response message: Connect to 10.138.0.2:80 timed out,Thread Group 36-1,text,false,,1658,0,1,141,0,0,1501
1492747341339,1502,HTTP Request,Non HTTP response code: org.apache.http.conn.ConnectTimeoutException,Non HTTP response message: Connect to 10.138.0.2:80 timed out,Thread Group 90-1,text,false,,1658,0,1,141,0,0,1502
1492747341339,1502,HTTP Request,Non HTTP response code: org.apache.http.conn.ConnectTimeoutException,Non HTTP response message: Connect to 10.138.0.2:80 timed out,Thread Group 139-1,text,false,,1658,0,1,141,0,0,1502
1492747341339,1502,HTTP Request,Non HTTP response code: org.apache.http.conn.ConnectTimeoutException,Non HTTP response message: Connect to 10.138.0.2:80 timed out,Thread Group 131-1,text,false,,1658,0,1,141,0,0,1502
1492747341340,1501,HTTP Request,Non HTTP response code: org.apache.http.conn.ConnectTimeoutException,Non HTTP response message: Connect to 10.138.0.2:80 timed out,Thread Group 53-1,text,false,,1658,0,1,141,0,0,1501
1492747341340,1501,HTTP Request,Non HTTP response code: org.apache.http.conn.ConnectTimeoutException,Non HTTP response message: Connect to 10.138.0.2:80 timed out,Thread Group 34-1,text,false,,1658,0,1,141,0,0,1501
1492747341341,1502,HTTP Request,Non HTTP response code: org.apache.http.conn.ConnectTimeoutException,Non HTTP response message: Connect to 10.138.0.2:80 timed out,Thread Group 46-1,text,false,,1658,0,1,141,0,0,1502
1492747341400,1502,HTTP Request,Non HTTP response code: java.net.SocketTimeoutException,Non HTTP response message: Read timed out,Thread Group 117-1,text,false,,2690,0,1,141,0,0,0
1492747340440,2502,HTTP Request,Non HTTP response code: java.net.SocketTimeoutException,Non HTTP response message: Read timed out,Thread Group 16-1,text,false,,2690,0,1,141,0,0,1000
1492747341542,1502,HTTP Request,Non HTTP response code: org.apache.http.conn.ConnectTimeoutException,Non HTTP response message: Connect to 10.138.0.2:80 timed out,Thread Group 74-1,text,false,,1658,0,1,141,0,0,1502
1492747341604,1502,HTTP Request,Non HTTP response code: org.apache.http.conn.ConnectTimeoutException,Non HTTP response message: Connect to 10.138.0.2:80 timed out,Thread Group 17-1,text,false,,1658,0,1,141,0,0,1502
1492747341606,1500,HTTP Request,Non HTTP response code: org.apache.http.conn.ConnectTimeoutException,Non HTTP response message: Connect to 10.138.0.2:80 timed out,Thread Group 1-1,text,false,,1658,0,1,141,0,0,1500
1492747341606,1502,HTTP Request,Non HTTP response code: org.apache.http.conn.ConnectTimeoutException,Non HTTP response message: Connect to 10.138.0.2:80 timed out,Thread Group 54-1,text,false,,1658,0,1,141,0,0,1502
1492747341606,1502,HTTP Request,Non HTTP response code: org.apache.http.conn.ConnectTimeoutException,Non HTTP response message: Connect to 10.138.0.2:80 timed out,Thread Group 38-1,text,false,,1658,0,1,141,0,0,1502
1492747341606,1502,HTTP Request,Non HTTP response code: org.apache.http.conn.ConnectTimeoutException,Non HTTP response message: Connect to 10.138.0.2:80 timed out,Thread Group 20-1,text,false,,1658,0,1,141,0,0,1502
1492747341607,1501,HTTP Request,Non HTTP response code: org.apache.http.conn.ConnectTimeoutException,Non HTTP response message: Connect to 10.138.0.2:80 timed out,Thread Group 82-1,text,false,,1658,0,1,141,0,0,1501
1492747341607,1501,HTTP Request,Non HTTP response code: org.apache.http.conn.ConnectTimeoutException,Non HTTP response message: Connect to 10.138.0.2:80 timed out,Thread Group 45-1,text,false,,1658,0,1,141,0,0,1501
1492747341606,1501,HTTP Request,Non HTTP response code: org.apache.http.conn.ConnectTimeoutException,Non HTTP response message: Connect to 10.138.0.2:80 timed out,Thread Group 83-1,text,false,,1658,0,1,141,0,0,1501
1492747341638,1502,HTTP Request,Non HTTP response code: java.net.SocketTimeoutException,Non HTTP response message: Read timed out,Thread Group 123-1,text,false,,2690,0,1,141,0,0,0
1492747340678,2500,HTTP Request,Non HTTP response code: java.net.SocketTimeoutException,Non HTTP response message: Read timed out,Thread Group 37-1,text,false,,2690,0,1,141,0,0,998
1492747340678,2500,HTTP Request,Non HTTP response code: java.net.SocketTimeoutException,Non HTTP response message: Read timed out,Thread Group 10-1,text,false,,2690,0,1,141,0,0,998
1492747341722,1502,HTTP Request,Non HTTP response code: org.apache.http.conn.ConnectTimeoutException,Non HTTP response message: Connect to 10.138.0.2:80 timed out,Thread Group 30-1,text,false,,1658,0,1,141,0,0,1502
1492747341722,1502,HTTP Request,Non HTTP response code: org.apache.http.conn.ConnectTimeoutException,Non HTTP response message: Connect to 10.138.0.2:80 timed out,Thread Group 64-1,text,false,,1658,0,1,141,0,0,1502
1492747341722,1502,HTTP Request,Non HTTP response code: org.apache.http.conn.ConnectTimeoutException,Non HTTP response message: Connect to 10.138.0.2:80 timed out,Thread Group 72-1,text,false,,1658,0,1,141,0,0,1502
1492747341723,1502,HTTP Request,Non HTTP response code: org.apache.http.conn.ConnectTimeoutException,Non HTTP response message: Connect to 10.138.0.2:80 timed out,Thread Group 6-1,text,false,,1658,0,1,141,0,0,1502
1492747341725,1502,HTTP Request,Non HTTP response code: org.apache.http.conn.ConnectTimeoutException,Non HTTP response message: Connect to 10.138.0.2:80 timed out,Thread Group 41-1,text,false,,1658,0,1,141,0,0,1502
1492747341866,1502,HTTP Request,Non HTTP response code: org.apache.http.conn.ConnectTimeoutException,Non HTTP response message: Connect to 10.138.0.2:80 timed out,Thread Group 104-1,text,false,,1658,0,1,141,0,0,1502
1492747342115,1501,HTTP Request,Non HTTP response code: org.apache.http.conn.ConnectTimeoutException,Non HTTP response message: Connect to 10.138.0.2:80 timed out,Thread Group 114-1,text,false,,1658,0,1,141,0,0,1501
1492747342115,1501,HTTP Request,Non HTTP response code: org.apache.http.conn.ConnectTimeoutException,Non HTTP response message: Connect to 10.138.0.2:80 timed out,Thread Group 68-1,text,false,,1658,0,1,141,0,0,1501
1492747342115,1501,HTTP Request,Non HTTP response code: org.apache.http.conn.ConnectTimeoutException,Non HTTP response message: Connect to 10.138.0.2:80 timed out,Thread Group 39-1,text,false,,1658,0,1,141,0,0,1501
1492747342115,1501,HTTP Request,Non HTTP response code: org.apache.http.conn.ConnectTimeoutException,Non HTTP response message: Connect to 10.138.0.2:80 timed out,Thread Group 77-1,text,false,,1658,0,1,141,0,0,1501
1492747342115,1502,HTTP Request,Non HTTP response code: org.apache.http.conn.ConnectTimeoutException,Non HTTP response message: Connect to 10.138.0.2:80 timed out,Thread Group 108-1,text,false,,1658,0,1,141,0,0,1502
1492747342115,1502,HTTP Request,Non HTTP response code: org.apache.http.conn.ConnectTimeoutException,Non HTTP response message: Connect to 10.138.0.2:80 timed out,Thread Group 24-1,text,false,,1658,0,1,141,0,0,1502
1492747342115,1502,HTTP Request,Non HTTP response code: org.apache.http.conn.ConnectTimeoutException,Non HTTP response message: Connect to 10.138.0.2:80 timed out,Thread Group 3-1,text,false,,1658,0,1,141,0,0,1502
1492747342115,1502,HTTP Request,Non HTTP response code: org.apache.http.conn.ConnectTimeoutException,Non HTTP response message: Connect to 10.138.0.2:80 timed out,Thread Group 85-1,text,false,,1658,0,1,141,0,0,1502
1492747342116,1501,HTTP Request,Non HTTP response code: org.apache.http.conn.ConnectTimeoutException,Non HTTP response message: Connect to 10.138.0.2:80 timed out,Thread Group 9-1,text,false,,1658,0,1,141,0,0,1501
1492747342116,1502,HTTP Request,Non HTTP response code: org.apache.http.conn.ConnectTimeoutException,Non HTTP response message: Connect to 10.138.0.2:80 timed out,Thread Group 59-1,text,false,,1658,0,1,141,0,0,1502
1492747342116,1502,HTTP Request,Non HTTP response code: org.apache.http.conn.ConnectTimeoutException,Non HTTP response message: Connect to 10.138.0.2:80 timed out,Thread Group 119-1,text,false,,1658,0,1,141,0,0,1502
1492747342116,1502,HTTP Request,Non HTTP response code: org.apache.http.conn.ConnectTimeoutException,Non HTTP response message: Connect to 10.138.0.2:80 timed out,Thread Group 23-1,text,false,,1658,0,1,141,0,0,1502
1492747342117,1501,HTTP Request,Non HTTP response code: org.apache.http.conn.ConnectTimeoutException,Non HTTP response message: Connect to 10.138.0.2:80 timed out,Thread Group 33-1,text,false,,1658,0,1,141,0,0,1501
1492747342125,1500,HTTP Request,Non HTTP response code: org.apache.http.conn.ConnectTimeoutException,Non HTTP response message: Connect to 10.138.0.2:80 timed out,Thread Group 141-1,text,false,,1658,0,1,141,0,0,1500
1492747342125,1502,HTTP Request,Non HTTP response code: org.apache.http.conn.ConnectTimeoutException,Non HTTP response message: Connect to 10.138.0.2:80 timed out,Thread Group 111-1,text,false,,1658,0,1,141,0,0,1502
1492747342141,1502,HTTP Request,Non HTTP response code: org.apache.http.conn.ConnectTimeoutException,Non HTTP response message: Connect to 10.138.0.2:80 timed out,Thread Group 133-1,text,false,,1658,0,1,141,0,0,1502
1492747342147,1501,HTTP Request,Non HTTP response code: org.apache.http.conn.ConnectTimeoutException,Non HTTP response message: Connect to 10.138.0.2:80 timed out,Thread Group 95-1,text,false,,1658,0,1,141,0,0,1501
1492747342148,1502,HTTP Request,Non HTTP response code: org.apache.http.conn.ConnectTimeoutException,Non HTTP response message: Connect to 10.138.0.2:80 timed out,Thread Group 107-1,text,false,,1658,0,1,141,0,0,1502
1492747342149,1501,HTTP Request,Non HTTP response code: org.apache.http.conn.ConnectTimeoutException,Non HTTP response message: Connect to 10.138.0.2:80 timed out,Thread Group 112-1,text,false,,1658,0,1,141,0,0,1501
1492747342149,1502,HTTP Request,Non HTTP response code: org.apache.http.conn.ConnectTimeoutException,Non HTTP response message: Connect to 10.138.0.2:80 timed out,Thread Group 61-1,text,false,,1658,0,1,141,0,0,1502
1492747342149,1502,HTTP Request,Non HTTP response code: org.apache.http.conn.ConnectTimeoutException,Non HTTP response message: Connect to 10.138.0.2:80 timed out,Thread Group 50-1,text,false,,1658,0,1,141,0,0,1502
1492747342149,1502,HTTP Request,Non HTTP response code: org.apache.http.conn.ConnectTimeoutException,Non HTTP response message: Connect to 10.138.0.2:80 timed out,Thread Group 42-1,text,false,,1658,0,1,141,0,0,1502
1492747342150,1501,HTTP Request,Non HTTP response code: org.apache.http.conn.ConnectTimeoutException,Non HTTP response message: Connect to 10.138.0.2:80 timed out,Thread Group 87-1,text,false,,1658,0,1,141,0,0,1501
1492747342150,1501,HTTP Request,Non HTTP response code: org.apache.http.conn.ConnectTimeoutException,Non HTTP response message: Connect to 10.138.0.2:80 timed out,Thread Group 115-1,text,false,,1658,0,1,141,0,0,1501
1492747342150,1502,HTTP Request,Non HTTP response code: org.apache.http.conn.ConnectTimeoutException,Non HTTP response message: Connect to 10.138.0.2:80 timed out,Thread Group 98-1,text,false,,1658,0,1,141,0,0,1502
1492747342151,1501,HTTP Request,Non HTTP response code: org.apache.http.conn.ConnectTimeoutException,Non HTTP response message: Connect to 10.138.0.2:80 timed out,Thread Group 84-1,text,false,,1658,0,1,141,0,0,1501
1492747342151,1502,HTTP Request,Non HTTP response code: org.apache.http.conn.ConnectTimeoutException,Non HTTP response message: Connect to 10.138.0.2:80 timed out,Thread Group 128-1,text,false,,1658,0,1,141,0,0,1502
1492747342151,1502,HTTP Request,Non HTTP response code: org.apache.http.conn.ConnectTimeoutException,Non HTTP response message: Connect to 10.138.0.2:80 timed out,Thread Group 89-1,text,false,,1658,0,1,141,0,0,1502
1492747342151,1502,HTTP Request,Non HTTP response code: org.apache.http.conn.ConnectTimeoutException,Non HTTP response message: Connect to 10.138.0.2:80 timed out,Thread Group 92-1,text,false,,1658,0,1,141,0,0,1502
1492747342152,1501,HTTP Request,Non HTTP response code: org.apache.http.conn.ConnectTimeoutException,Non HTTP response message: Connect to 10.138.0.2:80 timed out,Thread Group 125-1,text,false,,1658,0,1,141,0,0,1501
1492747342152,1501,HTTP Request,Non HTTP response code: org.apache.http.conn.ConnectTimeoutException,Non HTTP response message: Connect to 10.138.0.2:80 timed out,Thread Group 91-1,text,false,,1658,0,1,141,0,0,1501
1492747342152,1502,HTTP Request,Non HTTP response code: org.apache.http.conn.ConnectTimeoutException,Non HTTP response message: Connect to 10.138.0.2:80 timed out,Thread Group 100-1,text,false,,1658,0,1,141,0,0,1502
1492747342153,1502,HTTP Request,Non HTTP response code: org.apache.http.conn.ConnectTimeoutException,Non HTTP response message: Connect to 10.138.0.2:80 timed out,Thread Group 97-1,text,false,,1658,0,1,141,0,0,1502
1492747342153,1502,HTTP Request,Non HTTP response code: org.apache.http.conn.ConnectTimeoutException,Non HTTP response message: Connect to 10.138.0.2:80 timed out,Thread Group 137-1,text,false,,1658,0,1,141,0,0,1502
1492747342153,1501,HTTP Request,Non HTTP response code: org.apache.http.conn.ConnectTimeoutException,Non HTTP response message: Connect to 10.138.0.2:80 timed out,Thread Group 12-1,text,false,,1658,0,1,141,0,0,1501
1492747342228,1502,HTTP Request,Non HTTP response code: org.apache.http.conn.ConnectTimeoutException,Non HTTP response message: Connect to 10.138.0.2:80 timed out,Thread Group 47-1,text,false,,1658,0,1,141,0,0,1502
1492747342228,1502,HTTP Request,Non HTTP response code: org.apache.http.conn.ConnectTimeoutException,Non HTTP response message: Connect to 10.138.0.2:80 timed out,Thread Group 80-1,text,false,,1658,0,1,141,0,0,1502
1492747342228,1503,HTTP Request,Non HTTP response code: org.apache.http.conn.ConnectTimeoutException,Non HTTP response message: Connect to 10.138.0.2:80 timed out,Thread Group 110-1,text,false,,1658,0,1,141,0,0,1503
1492747342229,1502,HTTP Request,Non HTTP response code: org.apache.http.conn.ConnectTimeoutException,Non HTTP response message: Connect to 10.138.0.2:80 timed out,Thread Group 7-1,text,false,,1658,0,1,141,0,0,1502
1492747342229,1502,HTTP Request,Non HTTP response code: org.apache.http.conn.ConnectTimeoutException,Non HTTP response message: Connect to 10.138.0.2:80 timed out,Thread Group 94-1,text,false,,1658,0,1,141,0,0,1502
1492747342229,1502,HTTP Request,Non HTTP response code: org.apache.http.conn.ConnectTimeoutException,Non HTTP response message: Connect to 10.138.0.2:80 timed out,Thread Group 99-1,text,false,,1658,0,1,141,0,0,1502
1492747342229,1503,HTTP Request,Non HTTP response code: org.apache.http.conn.ConnectTimeoutException,Non HTTP response message: Connect to 10.138.0.2:80 timed out,Thread Group 48-1,text,false,,1658,0,1,141,0,0,1503
1492747342230,1502,HTTP Request,Non HTTP response code: org.apache.http.conn.ConnectTimeoutException,Non HTTP response message: Connect to 10.138.0.2:80 timed out,Thread Group 44-1,text,false,,1658,0,1,141,0,0,1502
1492747342230,1502,HTTP Request,Non HTTP response code: org.apache.http.conn.ConnectTimeoutException,Non HTTP response message: Connect to 10.138.0.2:80 timed out,Thread Group 63-1,text,false,,1658,0,1,141,0,0,1502
1492747342258,1502,HTTP Request,Non HTTP response code: org.apache.http.conn.ConnectTimeoutException,Non HTTP response message: Connect to 10.138.0.2:80 timed out,Thread Group 118-1,text,false,,1658,0,1,141,0,0,1502
1492747341335,2499,HTTP Request,Non HTTP response code: java.net.SocketTimeoutException,Non HTTP response message: Read timed out,Thread Group 127-1,text,false,,2690,0,1,141,0,0,997
1492747342406,1502,HTTP Request,Non HTTP response code: org.apache.http.conn.ConnectTimeoutException,Non HTTP response message: Connect to 10.138.0.2:80 timed out,Thread Group 113-1,text,false,,1658,0,1,141,0,0,1502
1492747342407,1502,HTTP Request,Non HTTP response code: org.apache.http.conn.ConnectTimeoutException,Non HTTP response message: Connect to 10.138.0.2:80 timed out,Thread Group 93-1,text,false,,1658,0,1,141,0,0,1502
1492747342407,1502,HTTP Request,Non HTTP response code: org.apache.http.conn.ConnectTimeoutException,Non HTTP response message: Connect to 10.138.0.2:80 timed out,Thread Group 29-1,text,false,,1658,0,1,141,0,0,1502
1492747342407,1502,HTTP Request,Non HTTP response code: org.apache.http.conn.ConnectTimeoutException,Non HTTP response message: Connect to 10.138.0.2:80 timed out,Thread Group 126-1,text,false,,1658,0,1,141,0,0,1502
1492747342409,1500,HTTP Request,Non HTTP response code: org.apache.http.conn.ConnectTimeoutException,Non HTTP response message: Connect to 10.138.0.2:80 timed out,Thread Group 135-1,text,false,,1658,0,1,141,0,0,1500
1492747342408,1502,HTTP Request,Non HTTP response code: org.apache.http.conn.ConnectTimeoutException,Non HTTP response message: Connect to 10.138.0.2:80 timed out,Thread Group 121-1,text,false,,1658,0,1,141,0,0,1502
1492747342409,1502,HTTP Request,Non HTTP response code: org.apache.http.conn.ConnectTimeoutException,Non HTTP response message: Connect to 10.138.0.2:80 timed out,Thread Group 136-1,text,false,,1658,0,1,141,0,0,1502
1492747342441,1502,HTTP Request,Non HTTP response code: org.apache.http.conn.ConnectTimeoutException,Non HTTP response message: Connect to 10.138.0.2:80 timed out,Thread Group 28-1,text,false,,1658,0,1,141,0,0,1502
1492747342442,1501,HTTP Request,Non HTTP response code: org.apache.http.conn.ConnectTimeoutException,Non HTTP response message: Connect to 10.138.0.2:80 timed out,Thread Group 19-1,text,false,,1658,0,1,141,0,0,1501
1492747342442,1502,HTTP Request,Non HTTP response code: org.apache.http.conn.ConnectTimeoutException,Non HTTP response message: Connect to 10.138.0.2:80 timed out,Thread Group 22-1,text,false,,1658,0,1,141,0,0,1502
1492747342442,1502,HTTP Request,Non HTTP response code: org.apache.http.conn.ConnectTimeoutException,Non HTTP response message: Connect to 10.138.0.2:80 timed out,Thread Group 109-1,text,false,,1658,0,1,141,0,0,1502
1492747342449,1502,HTTP Request,Non HTTP response code: org.apache.http.conn.ConnectTimeoutException,Non HTTP response message: Connect to 10.138.0.2:80 timed out,Thread Group 140-1,text,false,,1658,0,1,141,0,0,1502
1492747342449,1502,HTTP Request,Non HTTP response code: org.apache.http.conn.ConnectTimeoutException,Non HTTP response message: Connect to 10.138.0.2:80 timed out,Thread Group 71-1,text,false,,1658,0,1,141,0,0,1502
1492747342449,1502,HTTP Request,Non HTTP response code: org.apache.http.conn.ConnectTimeoutException,Non HTTP response message: Connect to 10.138.0.2:80 timed out,Thread Group 8-1,text,false,,1658,0,1,141,0,0,1502
1492747342450,1501,HTTP Request,Non HTTP response code: org.apache.http.conn.ConnectTimeoutException,Non HTTP response message: Connect to 10.138.0.2:80 timed out,Thread Group 132-1,text,false,,1658,0,1,141,0,0,1501
1492747342450,1501,HTTP Request,Non HTTP response code: org.apache.http.conn.ConnectTimeoutException,Non HTTP response message: Connect to 10.138.0.2:80 timed out,Thread Group 129-1,text,false,,1658,0,1,141,0,0,1501
1492747342450,1502,HTTP Request,Non HTTP response code: org.apache.http.conn.ConnectTimeoutException,Non HTTP response message: Connect to 10.138.0.2:80 timed out,Thread Group 25-1,text,false,,1658,0,1,141,0,0,1502
1492747342450,1502,HTTP Request,Non HTTP response code: org.apache.http.conn.ConnectTimeoutException,Non HTTP response message: Connect to 10.138.0.2:80 timed out,Thread Group 78-1,text,false,,1658,0,1,141,0,0,1502
1492747342449,1501,HTTP Request,Non HTTP response code: org.apache.http.conn.ConnectTimeoutException,Non HTTP response message: Connect to 10.138.0.2:80 timed out,Thread Group 13-1,text,false,,1658,0,1,141,0,0,1501
1492747342451,1501,HTTP Request,Non HTTP response code: org.apache.http.conn.ConnectTimeoutException,Non HTTP response message: Connect to 10.138.0.2:80 timed out,Thread Group 106-1,text,false,,1658,0,1,141,0,0,1501
1492747342451,1502,HTTP Request,Non HTTP response code: org.apache.http.conn.ConnectTimeoutException,Non HTTP response message: Connect to 10.138.0.2:80 timed out,Thread Group 73-1,text,false,,1658,0,1,141,0,0,1502
1492747342451,1502,HTTP Request,Non HTTP response code: org.apache.http.conn.ConnectTimeoutException,Non HTTP response message: Connect to 10.138.0.2:80 timed out,Thread Group 32-1,text,false,,1658,0,1,141,0,0,1502
1492747342451,1502,HTTP Request,Non HTTP response code: org.apache.http.conn.ConnectTimeoutException,Non HTTP response message: Connect to 10.138.0.2:80 timed out,Thread Group 102-1,text,false,,1658,0,1,141,0,0,1502
1492747342452,1501,HTTP Request,Non HTTP response code: org.apache.http.conn.ConnectTimeoutException,Non HTTP response message: Connect to 10.138.0.2:80 timed out,Thread Group 43-1,text,false,,1658,0,1,141,0,0,1501
1492747342452,1501,HTTP Request,Non HTTP response code: org.apache.http.conn.ConnectTimeoutException,Non HTTP response message: Connect to 10.138.0.2:80 timed out,Thread Group 26-1,text,false,,1658,0,1,141,0,0,1501
1492747342452,1502,HTTP Request,Non HTTP response code: org.apache.http.conn.ConnectTimeoutException,Non HTTP response message: Connect to 10.138.0.2:80 timed out,Thread Group 40-1,text,false,,1658,0,1,141,0,0,1502
1492747342453,1501,HTTP Request,Non HTTP response code: org.apache.http.conn.ConnectTimeoutException,Non HTTP response message: Connect to 10.138.0.2:80 timed out,Thread Group 14-1,text,false,,1658,0,1,141,0,0,1501
1492747342453,1502,HTTP Request,Non HTTP response code: org.apache.http.conn.ConnectTimeoutException,Non HTTP response message: Connect to 10.138.0.2:80 timed out,Thread Group 4-1,text,false,,1658,0,1,141,0,0,1502
1492747342453,1502,HTTP Request,Non HTTP response code: org.apache.http.conn.ConnectTimeoutException,Non HTTP response message: Connect to 10.138.0.2:80 timed out,Thread Group 49-1,text,false,,1658,0,1,141,0,0,1502
1492747342453,1502,HTTP Request,Non HTTP response code: org.apache.http.conn.ConnectTimeoutException,Non HTTP response message: Connect to 10.138.0.2:80 timed out,Thread Group 79-1,text,false,,1658,0,1,141,0,0,1502
1492747342454,1501,HTTP Request,Non HTTP response code: org.apache.http.conn.ConnectTimeoutException,Non HTTP response message: Connect to 10.138.0.2:80 timed out,Thread Group 31-1,text,false,,1658,0,1,141,0,0,1501
1492747342454,1501,HTTP Request,Non HTTP response code: org.apache.http.conn.ConnectTimeoutException,Non HTTP response message: Connect to 10.138.0.2:80 timed out,Thread Group 86-1,text,false,,1658,0,1,141,0,0,1501
1492747342454,1502,HTTP Request,Non HTTP response code: org.apache.http.conn.ConnectTimeoutException,Non HTTP response message: Connect to 10.138.0.2:80 timed out,Thread Group 122-1,text,false,,1658,0,1,141,0,0,1502
1492747342459,1501,HTTP Request,Non HTTP response code: org.apache.http.conn.ConnectTimeoutException,Non HTTP response message: Connect to 10.138.0.2:80 timed out,Thread Group 101-1,text,false,,1658,0,1,141,0,0,1501
1492747342588,1502,HTTP Request,Non HTTP response code: org.apache.http.conn.ConnectTimeoutException,Non HTTP response message: Connect to 10.138.0.2:80 timed out,Thread Group 103-1,text,false,,1658,0,1,141,0,0,1502
1492747342669,1502,HTTP Request,Non HTTP response code: java.net.SocketTimeoutException,Non HTTP response message: Read timed out,Thread Group 56-1,text,false,,2690,0,1,141,0,0,0
1492747342675,1502,HTTP Request,Non HTTP response code: org.apache.http.conn.ConnectTimeoutException,Non HTTP response message: Connect to 10.138.0.2:80 timed out,Thread Group 69-1,text,false,,1658,0,1,141,0,0,1502
1492747342675,1504,HTTP Request,Non HTTP response code: java.net.SocketTimeoutException,Non HTTP response message: Read timed out,Thread Group 57-1,text,false,,2690,0,1,141,0,0,2
1492747342674,1505,HTTP Request,Non HTTP response code: org.apache.http.conn.ConnectTimeoutException,Non HTTP response message: Connect to 10.138.0.2:80 timed out,Thread Group 2-1,text,false,,1658,0,1,141,0,0,1505
1492747342712,1502,HTTP Request,Non HTTP response code: java.net.SocketTimeoutException,Non HTTP response message: Read timed out,Thread Group 65-1,text,false,,2690,0,1,141,0,0,1
1492747342714,1501,HTTP Request,Non HTTP response code: org.apache.http.conn.ConnectTimeoutException,Non HTTP response message: Connect to 10.138.0.2:80 timed out,Thread Group 62-1,text,false,,1658,0,1,141,0,0,1501
1492747342769,1502,HTTP Request,Non HTTP response code: org.apache.http.conn.ConnectTimeoutException,Non HTTP response message: Connect to 10.138.0.2:80 timed out,Thread Group 116-1,text,false,,1658,0,1,141,0,0,1502
1492747342788,1502,HTTP Request,Non HTTP response code: org.apache.http.conn.ConnectTimeoutException,Non HTTP response message: Connect to 10.138.0.2:80 timed out,Thread Group 130-1,text,false,,1658,0,1,141,0,0,1502
1492747342788,1502,HTTP Request,Non HTTP response code: org.apache.http.conn.ConnectTimeoutException,Non HTTP response message: Connect to 10.138.0.2:80 timed out,Thread Group 52-1,text,false,,1658,0,1,141,0,0,1502
1492747342788,1502,HTTP Request,Non HTTP response code: org.apache.http.conn.ConnectTimeoutException,Non HTTP response message: Connect to 10.138.0.2:80 timed out,Thread Group 18-1,text,false,,1658,0,1,141,0,0,1502
1492747342789,1502,HTTP Request,Non HTTP response code: org.apache.http.conn.ConnectTimeoutException,Non HTTP response message: Connect to 10.138.0.2:80 timed out,Thread Group 15-1,text,false,,1658,0,1,141,0,0,1502
1492747342797,1501,HTTP Request,Non HTTP response code: org.apache.http.conn.ConnectTimeoutException,Non HTTP response message: Connect to 10.138.0.2:80 timed out,Thread Group 96-1,text,false,,1658,0,1,141,0,0,1501
1492747342797,1502,HTTP Request,Non HTTP response code: org.apache.http.conn.ConnectTimeoutException,Non HTTP response message: Connect to 10.138.0.2:80 timed out,Thread Group 35-1,text,false,,1658,0,1,141,0,0,1502
1492747342797,1502,HTTP Request,Non HTTP response code: org.apache.http.conn.ConnectTimeoutException,Non HTTP response message: Connect to 10.138.0.2:80 timed out,Thread Group 105-1,text,false,,1658,0,1,141,0,0,1502
1492747342797,1502,HTTP Request,Non HTTP response code: org.apache.http.conn.ConnectTimeoutException,Non HTTP response message: Connect to 10.138.0.2:80 timed out,Thread Group 75-1,text,false,,1658,0,1,141,0,0,1502
1492747342797,1502,HTTP Request,Non HTTP response code: org.apache.http.conn.ConnectTimeoutException,Non HTTP response message: Connect to 10.138.0.2:80 timed out,Thread Group 88-1,text,false,,1658,0,1,141,0,0,1502
1492747342798,1502,HTTP Request,Non HTTP response code: org.apache.http.conn.ConnectTimeoutException,Non HTTP response message: Connect to 10.138.0.2:80 timed out,Thread Group 27-1,text,false,,1658,0,1,141,0,0,1502
1492747342798,1502,HTTP Request,Non HTTP response code: org.apache.http.conn.ConnectTimeoutException,Non HTTP response message: Connect to 10.138.0.2:80 timed out,Thread Group 11-1,text,false,,1658,0,1,141,0,0,1502
1492747342798,1502,HTTP Request,Non HTTP response code: org.apache.http.conn.ConnectTimeoutException,Non HTTP response message: Connect to 10.138.0.2:80 timed out,Thread Group 55-1,text,false,,1658,0,1,141,0,0,1502
1492747342798,1502,HTTP Request,Non HTTP response code: org.apache.http.conn.ConnectTimeoutException,Non HTTP response message: Connect to 10.138.0.2:80 timed out,Thread Group 138-1,text,false,,1658,0,1,141,0,0,1502
1492747342837,1502,HTTP Request,Non HTTP response code: org.apache.http.conn.ConnectTimeoutException,Non HTTP response message: Connect to 10.138.0.2:80 timed out,Thread Group 70-1,text,false,,1658,0,1,141,0,0,1502
1492747342837,1502,HTTP Request,Non HTTP response code: org.apache.http.conn.ConnectTimeoutException,Non HTTP response message: Connect to 10.138.0.2:80 timed out,Thread Group 21-1,text,false,,1658,0,1,141,0,0,1502
1492747342837,1502,HTTP Request,Non HTTP response code: org.apache.http.conn.ConnectTimeoutException,Non HTTP response message: Connect to 10.138.0.2:80 timed out,Thread Group 76-1,text,false,,1658,0,1,141,0,0,1502
1492747342837,1503,HTTP Request,Non HTTP response code: org.apache.http.conn.ConnectTimeoutException,Non HTTP response message: Connect to 10.138.0.2:80 timed out,Thread Group 60-1,text,false,,1658,0,1,141,0,0,1502
1492747342838,1502,HTTP Request,Non HTTP response code: org.apache.http.conn.ConnectTimeoutException,Non HTTP response message: Connect to 10.138.0.2:80 timed out,Thread Group 124-1,text,false,,1658,0,1,141,0,0,1502
1492747342838,1502,HTTP Request,Non HTTP response code: org.apache.http.conn.ConnectTimeoutException,Non HTTP response message: Connect to 10.138.0.2:80 timed out,Thread Group 5-1,text,false,,1658,0,1,141,0,0,1502
1492747342838,1502,HTTP Request,Non HTTP response code: org.apache.http.conn.ConnectTimeoutException,Non HTTP response message: Connect to 10.138.0.2:80 timed out,Thread Group 67-1,text,false,,1658,0,1,141,0,0,1502
1492747342838,1502,HTTP Request,Non HTTP response code: org.apache.http.conn.ConnectTimeoutException,Non HTTP response message: Connect to 10.138.0.2:80 timed out,Thread Group 66-1,text,false,,1658,0,1,141,0,0,1502
1492747342839,1502,HTTP Request,Non HTTP response code: org.apache.http.conn.ConnectTimeoutException,Non HTTP response message: Connect to 10.138.0.2:80 timed out,Thread Group 81-1,text,false,,1658,0,1,141,0,0,1502
1492747342839,1502,HTTP Request,Non HTTP response code: org.apache.http.conn.ConnectTimeoutException,Non HTTP response message: Connect to 10.138.0.2:80 timed out,Thread Group 120-1,text,false,,1658,0,1,141,0,0,1502
1492747342839,1502,HTTP Request,Non HTTP response code: org.apache.http.conn.ConnectTimeoutException,Non HTTP response message: Connect to 10.138.0.2:80 timed out,Thread Group 134-1,text,false,,1658,0,1,141,0,0,1502
1492747342839,1502,HTTP Request,Non HTTP response code: org.apache.http.conn.ConnectTimeoutException,Non HTTP response message: Connect to 10.138.0.2:80 timed out,Thread Group 58-1,text,false,,1658,0,1,141,0,0,1502
1492747342839,1503,HTTP Request,Non HTTP response code: org.apache.http.conn.ConnectTimeoutException,Non HTTP response message: Connect to 10.138.0.2:80 timed out,Thread Group 36-1,text,false,,1658,0,1,141,0,0,1503
1492747342840,1502,HTTP Request,Non HTTP response code: org.apache.http.conn.ConnectTimeoutException,Non HTTP response message: Connect to 10.138.0.2:80 timed out,Thread Group 90-1,text,false,,1658,0,1,141,0,0,1502
1492747342840,1502,HTTP Request,Non HTTP response code: org.apache.http.conn.ConnectTimeoutException,Non HTTP response message: Connect to 10.138.0.2:80 timed out,Thread Group 139-1,text,false,,1658,0,1,141,0,0,1502
1492747342840,1502,HTTP Request,Non HTTP response code: org.apache.http.conn.ConnectTimeoutException,Non HTTP response message: Connect to 10.138.0.2:80 timed out,Thread Group 131-1,text,false,,1658,0,1,141,0,0,1502
1492747342840,1503,HTTP Request,Non HTTP response code: org.apache.http.conn.ConnectTimeoutException,Non HTTP response message: Connect to 10.138.0.2:80 timed out,Thread Group 53-1,text,false,,1658,0,1,141,0,0,1503
1492747342841,1502,HTTP Request,Non HTTP response code: org.apache.http.conn.ConnectTimeoutException,Non HTTP response message: Connect to 10.138.0.2:80 timed out,Thread Group 34-1,text,false,,1658,0,1,141,0,0,1502
1492747342842,1501,HTTP Request,Non HTTP response code: org.apache.http.conn.ConnectTimeoutException,Non HTTP response message: Connect to 10.138.0.2:80 timed out,Thread Group 46-1,text,false,,1658,0,1,141,0,0,1501
1492747342838,1505,HTTP Request,Non HTTP response code: org.apache.http.conn.ConnectTimeoutException,Non HTTP response message: Connect to 10.138.0.2:80 timed out,Thread Group 51-1,text,false,,1658,0,1,141,0,0,1505
1492747342901,1502,HTTP Request,Non HTTP response code: org.apache.http.conn.ConnectTimeoutException,Non HTTP response message: Connect to 10.138.0.2:80 timed out,Thread Group 117-1,text,false,,1658,0,1,141,0,0,1502
1492747342941,1502,HTTP Request,Non HTTP response code: org.apache.http.conn.ConnectTimeoutException,Non HTTP response message: Connect to 10.138.0.2:80 timed out,Thread Group 16-1,text,false,,1658,0,1,141,0,0,1502
1492747343043,1502,HTTP Request,Non HTTP response code: org.apache.http.conn.ConnectTimeoutException,Non HTTP response message: Connect to 10.138.0.2:80 timed out,Thread Group 74-1,text,false,,1658,0,1,141,0,0,1502
1492747343105,1502,HTTP Request,Non HTTP response code: org.apache.http.conn.ConnectTimeoutException,Non HTTP response message: Connect to 10.138.0.2:80 timed out,Thread Group 17-1,text,false,,1658,0,1,141,0,0,1502
1492747343105,1502,HTTP Request,Non HTTP response code: org.apache.http.conn.ConnectTimeoutException,Non HTTP response message: Connect to 10.138.0.2:80 timed out,Thread Group 1-1,text,false,,1658,0,1,141,0,0,1502
1492747343107,1501,HTTP Request,Non HTTP response code: org.apache.http.conn.ConnectTimeoutException,Non HTTP response message: Connect to 10.138.0.2:80 timed out,Thread Group 54-1,text,false,,1658,0,1,141,0,0,1501
1492747343107,1502,HTTP Request,Non HTTP response code: org.apache.http.conn.ConnectTimeoutException,Non HTTP response message: Connect to 10.138.0.2:80 timed out,Thread Group 38-1,text,false,,1658,0,1,141,0,0,1502
1492747343107,1502,HTTP Request,Non HTTP response code: org.apache.http.conn.ConnectTimeoutException,Non HTTP response message: Connect to 10.138.0.2:80 timed out,Thread Group 20-1,text,false,,1658,0,1,141,0,0,1502
1492747343107,1502,HTTP Request,Non HTTP response code: org.apache.http.conn.ConnectTimeoutException,Non HTTP response message: Connect to 10.138.0.2:80 timed out,Thread Group 82-1,text,false,,1658,0,1,141,0,0,1502
1492747343108,1501,HTTP Request,Non HTTP response code: org.apache.http.conn.ConnectTimeoutException,Non HTTP response message: Connect to 10.138.0.2:80 timed out,Thread Group 45-1,text,false,,1658,0,1,141,0,0,1501
1492747343108,1501,HTTP Request,Non HTTP response code: org.apache.http.conn.ConnectTimeoutException,Non HTTP response message: Connect to 10.138.0.2:80 timed out,Thread Group 83-1,text,false,,1658,0,1,141,0,0,1501
1492747343139,1502,HTTP Request,Non HTTP response code: org.apache.http.conn.ConnectTimeoutException,Non HTTP response message: Connect to 10.138.0.2:80 timed out,Thread Group 123-1,text,false,,1658,0,1,141,0,0,1502
1492747343177,1501,HTTP Request,Non HTTP response code: org.apache.http.conn.ConnectTimeoutException,Non HTTP response message: Connect to 10.138.0.2:80 timed out,Thread Group 37-1,text,false,,1658,0,1,141,0,0,1501
1492747343177,1501,HTTP Request,Non HTTP response code: org.apache.http.conn.ConnectTimeoutException,Non HTTP response message: Connect to 10.138.0.2:80 timed out,Thread Group 10-1,text,false,,1658,0,1,141,0,0,1501
1492747343367,1502,HTTP Request,Non HTTP response code: org.apache.http.conn.ConnectTimeoutException,Non HTTP response message: Connect to 10.138.0.2:80 timed out,Thread Group 104-1,text,false,,1658,0,1,141,0,0,1501
1492747343615,1502,HTTP Request,Non HTTP response code: java.net.SocketTimeoutException,Non HTTP response message: Read timed out,Thread Group 68-1,text,false,,2690,0,1,141,0,0,1
1492747343615,1503,HTTP Request,Non HTTP response code: java.net.SocketTimeoutException,Non HTTP response message: Read timed out,Thread Group 39-1,text,false,,2690,0,1,141,0,0,1
1492747343615,1503,HTTP Request,Non HTTP response code: java.net.SocketTimeoutException,Non HTTP response message: Read timed out,Thread Group 114-1,text,false,,2690,0,1,141,0,0,1
1492747343617,1502,HTTP Request,Non HTTP response code: org.apache.http.conn.ConnectTimeoutException,Non HTTP response message: Connect to 10.138.0.2:80 timed out,Thread Group 108-1,text,false,,1658,0,1,141,0,0,1502
1492747343617,1502,HTTP Request,Non HTTP response code: org.apache.http.conn.ConnectTimeoutException,Non HTTP response message: Connect to 10.138.0.2:80 timed out,Thread Group 24-1,text,false,,1658,0,1,141,0,0,1502
1492747343617,1502,HTTP Request,Non HTTP response code: org.apache.http.conn.ConnectTimeoutException,Non HTTP response message: Connect to 10.138.0.2:80 timed out,Thread Group 3-1,text,false,,1658,0,1,141,0,0,1502
1492747343617,1502,HTTP Request,Non HTTP response code: org.apache.http.conn.ConnectTimeoutException,Non HTTP response message: Connect to 10.138.0.2:80 timed out,Thread Group 85-1,text,false,,1658,0,1,141,0,0,1502
1492747343618,1501,HTTP Request,Non HTTP response code: org.apache.http.conn.ConnectTimeoutException,Non HTTP response message: Connect to 10.138.0.2:80 timed out,Thread Group 9-1,text,false,,1658,0,1,141,0,0,1501
1492747343618,1502,HTTP Request,Non HTTP response code: org.apache.http.conn.ConnectTimeoutException,Non HTTP response message: Connect to 10.138.0.2:80 timed out,Thread Group 59-1,text,false,,1658,0,1,141,0,0,1502
1492747343618,1502,HTTP Request,Non HTTP response code: org.apache.http.conn.ConnectTimeoutException,Non HTTP response message: Connect to 10.138.0.2:80 timed out,Thread Group 119-1,text,false,,1658,0,1,141,0,0,1502
1492747343618,1502,HTTP Request,Non HTTP response code: org.apache.http.conn.ConnectTimeoutException,Non HTTP response message: Connect to 10.138.0.2:80 timed out,Thread Group 23-1,text,false,,1658,0,1,141,0,0,1502
1492747343618,1502,HTTP Request,Non HTTP response code: org.apache.http.conn.ConnectTimeoutException,Non HTTP response message: Connect to 10.138.0.2:80 timed out,Thread Group 33-1,text,false,,1658,0,1,141,0,0,1502
1492747343616,1502,HTTP Request,Non HTTP response code: org.apache.http.conn.ConnectTimeoutException,Non HTTP response message: Connect to 10.138.0.2:80 timed out,Thread Group 77-1,text,false,,1658,0,1,141,0,0,1502
1492747343626,1501,HTTP Request,Non HTTP response code: org.apache.http.conn.ConnectTimeoutException,Non HTTP response message: Connect to 10.138.0.2:80 timed out,Thread Group 141-1,text,false,,1658,0,1,141,0,0,1501
1492747343627,1500,HTTP Request,Non HTTP response code: org.apache.http.conn.ConnectTimeoutException,Non HTTP response message: Connect to 10.138.0.2:80 timed out,Thread Group 111-1,text,false,,1658,0,1,141,0,0,1500
1492747343643,1502,HTTP Request,Non HTTP response code: org.apache.http.conn.ConnectTimeoutException,Non HTTP response message: Connect to 10.138.0.2:80 timed out,Thread Group 133-1,text,false,,1658,0,1,141,0,0,1502
1492747343649,1501,HTTP Request,Non HTTP response code: org.apache.http.conn.ConnectTimeoutException,Non HTTP response message: Connect to 10.138.0.2:80 timed out,Thread Group 95-1,text,false,,1658,0,1,141,0,0,1501
1492747343650,1501,HTTP Request,Non HTTP response code: org.apache.http.conn.ConnectTimeoutException,Non HTTP response message: Connect to 10.138.0.2:80 timed out,Thread Group 107-1,text,false,,1658,0,1,141,0,0,1501
1492747343651,1501,HTTP Request,Non HTTP response code: org.apache.http.conn.ConnectTimeoutException,Non HTTP response message: Connect to 10.138.0.2:80 timed out,Thread Group 61-1,text,false,,1658,0,1,141,0,0,1501
1492747343651,1502,HTTP Request,Non HTTP response code: org.apache.http.conn.ConnectTimeoutException,Non HTTP response message: Connect to 10.138.0.2:80 timed out,Thread Group 50-1,text,false,,1658,0,1,141,0,0,1502
1492747343651,1502,HTTP Request,Non HTTP response code: org.apache.http.conn.ConnectTimeoutException,Non HTTP response message: Connect to 10.138.0.2:80 timed out,Thread Group 42-1,text,false,,1658,0,1,141,0,0,1502
1492747343651,1502,HTTP Request,Non HTTP response code: org.apache.http.conn.ConnectTimeoutException,Non HTTP response message: Connect to 10.138.0.2:80 timed out,Thread Group 87-1,text,false,,1658,0,1,141,0,0,1502
1492747343652,1501,HTTP Request,Non HTTP response code: org.apache.http.conn.ConnectTimeoutException,Non HTTP response message: Connect to 10.138.0.2:80 timed out,Thread Group 115-1,text,false,,1658,0,1,141,0,0,1501
1492747343652,1502,HTTP Request,Non HTTP response code: org.apache.http.conn.ConnectTimeoutException,Non HTTP response message: Connect to 10.138.0.2:80 timed out,Thread Group 98-1,text,false,,1658,0,1,141,0,0,1502
1492747343650,1504,HTTP Request,Non HTTP response code: org.apache.http.conn.ConnectTimeoutException,Non HTTP response message: Connect to 10.138.0.2:80 timed out,Thread Group 112-1,text,false,,1658,0,1,141,0,0,1504
1492747343652,1502,HTTP Request,Non HTTP response code: org.apache.http.conn.ConnectTimeoutException,Non HTTP response message: Connect to 10.138.0.2:80 timed out,Thread Group 84-1,text,false,,1658,0,1,141,0,0,1502
1492747343653,1501,HTTP Request,Non HTTP response code: org.apache.http.conn.ConnectTimeoutException,Non HTTP response message: Connect to 10.138.0.2:80 timed out,Thread Group 128-1,text,false,,1658,0,1,141,0,0,1501
1492747343653,1502,HTTP Request,Non HTTP response code: org.apache.http.conn.ConnectTimeoutException,Non HTTP response message: Connect to 10.138.0.2:80 timed out,Thread Group 92-1,text,false,,1658,0,1,141,0,0,1502
1492747343653,1502,HTTP Request,Non HTTP response code: org.apache.http.conn.ConnectTimeoutException,Non HTTP response message: Connect to 10.138.0.2:80 timed out,Thread Group 125-1,text,false,,1658,0,1,141,0,0,1502
1492747343654,1501,HTTP Request,Non HTTP response code: org.apache.http.conn.ConnectTimeoutException,Non HTTP response message: Connect to 10.138.0.2:80 timed out,Thread Group 91-1,text,false,,1658,0,1,141,0,0,1501
1492747343654,1501,HTTP Request,Non HTTP response code: org.apache.http.conn.ConnectTimeoutException,Non HTTP response message: Connect to 10.138.0.2:80 timed out,Thread Group 100-1,text,false,,1658,0,1,141,0,0,1501
1492747343653,1502,HTTP Request,Non HTTP response code: org.apache.http.conn.ConnectTimeoutException,Non HTTP response message: Connect to 10.138.0.2:80 timed out,Thread Group 89-1,text,false,,1658,0,1,141,0,0,1501
1492747343655,1501,HTTP Request,Non HTTP response code: org.apache.http.conn.ConnectTimeoutException,Non HTTP response message: Connect to 10.138.0.2:80 timed out,Thread Group 97-1,text,false,,1658,0,1,141,0,0,1501
1492747343655,1502,HTTP Request,Non HTTP response code: org.apache.http.conn.ConnectTimeoutException,Non HTTP response message: Connect to 10.138.0.2:80 timed out,Thread Group 12-1,text,false,,1658,0,1,141,0,0,1502
1492747343655,1502,HTTP Request,Non HTTP response code: org.apache.http.conn.ConnectTimeoutException,Non HTTP response message: Connect to 10.138.0.2:80 timed out,Thread Group 137-1,text,false,,1658,0,1,141,0,0,1502
1492747343730,1502,HTTP Request,Non HTTP response code: org.apache.http.conn.ConnectTimeoutException,Non HTTP response message: Connect to 10.138.0.2:80 timed out,Thread Group 47-1,text,false,,1658,0,1,141,0,0,1502
1492747343731,1501,HTTP Request,Non HTTP response code: org.apache.http.conn.ConnectTimeoutException,Non HTTP response message: Connect to 10.138.0.2:80 timed out,Thread Group 110-1,text,false,,1658,0,1,141,0,0,1501
1492747343731,1502,HTTP Request,Non HTTP response code: org.apache.http.conn.ConnectTimeoutException,Non HTTP response message: Connect to 10.138.0.2:80 timed out,Thread Group 7-1,text,false,,1658,0,1,141,0,0,1502
1492747343731,1502,HTTP Request,Non HTTP response code: org.apache.http.conn.ConnectTimeoutException,Non HTTP response message: Connect to 10.138.0.2:80 timed out,Thread Group 94-1,text,false,,1658,0,1,141,0,0,1502
1492747343731,1502,HTTP Request,Non HTTP response code: org.apache.http.conn.ConnectTimeoutException,Non HTTP response message: Connect to 10.138.0.2:80 timed out,Thread Group 99-1,text,false,,1658,0,1,141,0,0,1502
1492747343732,1502,HTTP Request,Non HTTP response code: org.apache.http.conn.ConnectTimeoutException,Non HTTP response message: Connect to 10.138.0.2:80 timed out,Thread Group 48-1,text,false,,1658,0,1,141,0,0,1502
1492747343732,1502,HTTP Request,Non HTTP response code: org.apache.http.conn.ConnectTimeoutException,Non HTTP response message: Connect to 10.138.0.2:80 timed out,Thread Group 44-1,text,false,,1658,0,1,141,0,0,1502
1492747343732,1502,HTTP Request,Non HTTP response code: org.apache.http.conn.ConnectTimeoutException,Non HTTP response message: Connect to 10.138.0.2:80 timed out,Thread Group 63-1,text,false,,1658,0,1,141,0,0,1502
1492747343730,1504,HTTP Request,Non HTTP response code: org.apache.http.conn.ConnectTimeoutException,Non HTTP response message: Connect to 10.138.0.2:80 timed out,Thread Group 80-1,text,false,,1658,0,1,141,0,0,1504
1492747343760,1502,HTTP Request,Non HTTP response code: org.apache.http.conn.ConnectTimeoutException,Non HTTP response message: Connect to 10.138.0.2:80 timed out,Thread Group 118-1,text,false,,1658,0,1,141,0,0,1502
1492747343833,1502,HTTP Request,Non HTTP response code: org.apache.http.conn.ConnectTimeoutException,Non HTTP response message: Connect to 10.138.0.2:80 timed out,Thread Group 127-1,text,false,,1658,0,1,141,0,0,1502
1492747343908,1502,HTTP Request,Non HTTP response code: org.apache.http.conn.ConnectTimeoutException,Non HTTP response message: Connect to 10.138.0.2:80 timed out,Thread Group 113-1,text,false,,1658,0,1,141,0,0,1502
1492747343909,1502,HTTP Request,Non HTTP response code: org.apache.http.conn.ConnectTimeoutException,Non HTTP response message: Connect to 10.138.0.2:80 timed out,Thread Group 93-1,text,false,,1658,0,1,141,0,0,1502
1492747343909,1502,HTTP Request,Non HTTP response code: java.net.SocketTimeoutException,Non HTTP response message: Read timed out,Thread Group 29-1,text,false,,2690,0,1,141,0,0,1
1492747343909,1502,HTTP Request,Non HTTP response code: java.net.SocketTimeoutException,Non HTTP response message: Read timed out,Thread Group 135-1,text,false,,2690,0,1,141,0,0,1
1492747343909,1502,HTTP Request,Non HTTP response code: java.net.SocketTimeoutException,Non HTTP response message: Read timed out,Thread Group 126-1,text,false,,2690,0,1,141,0,0,1
1492747343910,1502,HTTP Request,Non HTTP response code: org.apache.http.conn.ConnectTimeoutException,Non HTTP response message: Connect to 10.138.0.2:80 timed out,Thread Group 121-1,text,false,,1658,0,1,141,0,0,1502
1492747343911,1501,HTTP Request,Non HTTP response code: org.apache.http.conn.ConnectTimeoutException,Non HTTP response message: Connect to 10.138.0.2:80 timed out,Thread Group 136-1,text,false,,1658,0,1,141,0,0,1501
1492747343943,1502,HTTP Request,Non HTTP response code: org.apache.http.conn.ConnectTimeoutException,Non HTTP response message: Connect to 10.138.0.2:80 timed out,Thread Group 28-1,text,false,,1658,0,1,141,0,0,1502
1492747343944,1502,HTTP Request,Non HTTP response code: org.apache.http.conn.ConnectTimeoutException,Non HTTP response message: Connect to 10.138.0.2:80 timed out,Thread Group 19-1,text,false,,1658,0,1,141,0,0,1502
1492747343944,1502,HTTP Request,Non HTTP response code: org.apache.http.conn.ConnectTimeoutException,Non HTTP response message: Connect to 10.138.0.2:80 timed out,Thread Group 22-1,text,false,,1658,0,1,141,0,0,1502
1492747343944,1502,HTTP Request,Non HTTP response code: org.apache.http.conn.ConnectTimeoutException,Non HTTP response message: Connect to 10.138.0.2:80 timed out,Thread Group 109-1,text,false,,1658,0,1,141,0,0,1502
1492747343951,1501,HTTP Request,Non HTTP response code: org.apache.http.conn.ConnectTimeoutException,Non HTTP response message: Connect to 10.138.0.2:80 timed out,Thread Group 140-1,text,false,,1658,0,1,141,0,0,1501
1492747343951,1502,HTTP Request,Non HTTP response code: org.apache.http.conn.ConnectTimeoutException,Non HTTP response message: Connect to 10.138.0.2:80 timed out,Thread Group 71-1,text,false,,1658,0,1,141,0,0,1502
1492747343951,1502,HTTP Request,Non HTTP response code: org.apache.http.conn.ConnectTimeoutException,Non HTTP response message: Connect to 10.138.0.2:80 timed out,Thread Group 8-1,text,false,,1658,0,1,141,0,0,1502
1492747343951,1502,HTTP Request,Non HTTP response code: org.apache.http.conn.ConnectTimeoutException,Non HTTP response message: Connect to 10.138.0.2:80 timed out,Thread Group 132-1,text,false,,1658,0,1,141,0,0,1502
1492747343952,1501,HTTP Request,Non HTTP response code: org.apache.http.conn.ConnectTimeoutException,Non HTTP response message: Connect to 10.138.0.2:80 timed out,Thread Group 129-1,text,false,,1658,0,1,141,0,0,1501
1492747343952,1502,HTTP Request,Non HTTP response code: org.apache.http.conn.ConnectTimeoutException,Non HTTP response message: Connect to 10.138.0.2:80 timed out,Thread Group 25-1,text,false,,1658,0,1,141,0,0,1502
1492747343952,1502,HTTP Request,Non HTTP response code: org.apache.http.conn.ConnectTimeoutException,Non HTTP response message: Connect to 10.138.0.2:80 timed out,Thread Group 78-1,text,false,,1658,0,1,141,0,0,1502
1492747343952,1502,HTTP Request,Non HTTP response code: org.apache.http.conn.ConnectTimeoutException,Non HTTP response message: Connect to 10.138.0.2:80 timed out,Thread Group 13-1,text,false,,1658,0,1,141,0,0,1502
1492747343952,1502,HTTP Request,Non HTTP response code: org.apache.http.conn.ConnectTimeoutException,Non HTTP response message: Connect to 10.138.0.2:80 timed out,Thread Group 106-1,text,false,,1658,0,1,141,0,0,1502
1492747343953,1502,HTTP Request,Non HTTP response code: org.apache.http.conn.ConnectTimeoutException,Non HTTP response message: Connect to 10.138.0.2:80 timed out,Thread Group 32-1,text,false,,1658,0,1,141,0,0,1502
1492747343953,1502,HTTP Request,Non HTTP response code: org.apache.http.conn.ConnectTimeoutException,Non HTTP response message: Connect to 10.138.0.2:80 timed out,Thread Group 102-1,text,false,,1658,0,1,141,0,0,1502
1492747343953,1503,HTTP Request,Non HTTP response code: org.apache.http.conn.ConnectTimeoutException,Non HTTP response message: Connect to 10.138.0.2:80 timed out,Thread Group 43-1,text,false,,1658,0,1,141,0,0,1503
1492747343953,1503,HTTP Request,Non HTTP response code: org.apache.http.conn.ConnectTimeoutException,Non HTTP response message: Connect to 10.138.0.2:80 timed out,Thread Group 26-1,text,false,,1658,0,1,141,0,0,1503
1492747343954,1502,HTTP Request,Non HTTP response code: org.apache.http.conn.ConnectTimeoutException,Non HTTP response message: Connect to 10.138.0.2:80 timed out,Thread Group 40-1,text,false,,1658,0,1,141,0,0,1502
1492747343955,1502,HTTP Request,Non HTTP response code: org.apache.http.conn.ConnectTimeoutException,Non HTTP response message: Connect to 10.138.0.2:80 timed out,Thread Group 4-1,text,false,,1658,0,1,141,0,0,1501
1492747343955,1502,HTTP Request,Non HTTP response code: org.apache.http.conn.ConnectTimeoutException,Non HTTP response message: Connect to 10.138.0.2:80 timed out,Thread Group 49-1,text,false,,1658,0,1,141,0,0,1502
1492747343955,1502,HTTP Request,Non HTTP response code: org.apache.http.conn.ConnectTimeoutException,Non HTTP response message: Connect to 10.138.0.2:80 timed out,Thread Group 79-1,text,false,,1658,0,1,141,0,0,1502
1492747343955,1502,HTTP Request,Non HTTP response code: org.apache.http.conn.ConnectTimeoutException,Non HTTP response message: Connect to 10.138.0.2:80 timed out,Thread Group 31-1,text,false,,1658,0,1,141,0,0,1502
1492747343956,1501,HTTP Request,Non HTTP response code: org.apache.http.conn.ConnectTimeoutException,Non HTTP response message: Connect to 10.138.0.2:80 timed out,Thread Group 86-1,text,false,,1658,0,1,141,0,0,1501
1492747343956,1502,HTTP Request,Non HTTP response code: org.apache.http.conn.ConnectTimeoutException,Non HTTP response message: Connect to 10.138.0.2:80 timed out,Thread Group 122-1,text,false,,1658,0,1,141,0,0,1502
1492747343954,1504,HTTP Request,Non HTTP response code: org.apache.http.conn.ConnectTimeoutException,Non HTTP response message: Connect to 10.138.0.2:80 timed out,Thread Group 14-1,text,false,,1658,0,1,141,0,0,1504
1492747343953,1505,HTTP Request,Non HTTP response code: org.apache.http.conn.ConnectTimeoutException,Non HTTP response message: Connect to 10.138.0.2:80 timed out,Thread Group 73-1,text,false,,1658,0,1,141,0,0,1505
1492747343961,1501,HTTP Request,Non HTTP response code: org.apache.http.conn.ConnectTimeoutException,Non HTTP response message: Connect to 10.138.0.2:80 timed out,Thread Group 101-1,text,false,,1658,0,1,141,0,0,1501
1492747344090,1502,HTTP Request,Non HTTP response code: org.apache.http.conn.ConnectTimeoutException,Non HTTP response message: Connect to 10.138.0.2:80 timed out,Thread Group 103-1,text,false,,1658,0,1,141,0,0,1502
1492747344172,1501,HTTP Request,Non HTTP response code: org.apache.http.conn.ConnectTimeoutException,Non HTTP response message: Connect to 10.138.0.2:80 timed out,Thread Group 56-1,text,false,,1658,0,1,141,0,0,1501
1492747344177,1501,HTTP Request,Non HTTP response code: org.apache.http.conn.ConnectTimeoutException,Non HTTP response message: Connect to 10.138.0.2:80 timed out,Thread Group 69-1,text,false,,1658,0,1,141,0,0,1501
1492747344179,1501,HTTP Request,Non HTTP response code: org.apache.http.conn.ConnectTimeoutException,Non HTTP response message: Connect to 10.138.0.2:80 timed out,Thread Group 57-1,text,false,,1658,0,1,141,0,0,1501
1492747344179,1502,HTTP Request,Non HTTP response code: org.apache.http.conn.ConnectTimeoutException,Non HTTP response message: Connect to 10.138.0.2:80 timed out,Thread Group 2-1,text,false,,1658,0,1,141,0,0,1502
1492747344215,1500,HTTP Request,Non HTTP response code: org.apache.http.conn.ConnectTimeoutException,Non HTTP response message: Connect to 10.138.0.2:80 timed out,Thread Group 62-1,text,false,,1658,0,1,141,0,0,1500
1492747344214,1502,HTTP Request,Non HTTP response code: org.apache.http.conn.ConnectTimeoutException,Non HTTP response message: Connect to 10.138.0.2:80 timed out,Thread Group 65-1,text,false,,1658,0,1,141,0,0,1502
1492747343226,2499,HTTP Request,Non HTTP response code: java.net.SocketTimeoutException,Non HTTP response message: Read timed out,Thread Group 41-1,text,false,,2690,0,1,141,0,0,997
1492747343223,2502,HTTP Request,Non HTTP response code: java.net.SocketTimeoutException,Non HTTP response message: Read timed out,Thread Group 64-1,text,false,,2690,0,1,141,0,0,1000
1492747343223,2502,HTTP Request,Non HTTP response code: java.net.SocketTimeoutException,Non HTTP response message: Read timed out,Thread Group 30-1,text,false,,2690,0,1,141,0,0,1000
1492747343224,2501,HTTP Request,Non HTTP response code: java.net.SocketTimeoutException,Non HTTP response message: Read timed out,Thread Group 6-1,text,false,,2690,0,1,141,0,0,999
1492747343224,2502,HTTP Request,Non HTTP response code: java.net.SocketTimeoutException,Non HTTP response message: Read timed out,Thread Group 72-1,text,false,,2690,0,1,141,0,0,999
1492747344271,1501,HTTP Request,Non HTTP response code: org.apache.http.conn.ConnectTimeoutException,Non HTTP response message: Connect to 10.138.0.2:80 timed out,Thread Group 116-1,text,false,,1658,0,1,141,0,0,1501
1492747344290,1502,HTTP Request,Non HTTP response code: org.apache.http.conn.ConnectTimeoutException,Non HTTP response message: Connect to 10.138.0.2:80 timed out,Thread Group 130-1,text,false,,1658,0,1,141,0,0,1502
1492747344290,1502,HTTP Request,Non HTTP response code: org.apache.http.conn.ConnectTimeoutException,Non HTTP response message: Connect to 10.138.0.2:80 timed out,Thread Group 52-1,text,false,,1658,0,1,141,0,0,1502
1492747344291,1502,HTTP Request,Non HTTP response code: org.apache.http.conn.ConnectTimeoutException,Non HTTP response message: Connect to 10.138.0.2:80 timed out,Thread Group 15-1,text,false,,1658,0,1,141,0,0,1502
1492747344291,1502,HTTP Request,Non HTTP response code: org.apache.http.conn.ConnectTimeoutException,Non HTTP response message: Connect to 10.138.0.2:80 timed out,Thread Group 18-1,text,false,,1658,0,1,141,0,0,1502
1492747344299,1501,HTTP Request,Non HTTP response code: org.apache.http.conn.ConnectTimeoutException,Non HTTP response message: Connect to 10.138.0.2:80 timed out,Thread Group 35-1,text,false,,1658,0,1,141,0,0,1501
1492747344299,1502,HTTP Request,Non HTTP response code: org.apache.http.conn.ConnectTimeoutException,Non HTTP response message: Connect to 10.138.0.2:80 timed out,Thread Group 105-1,text,false,,1658,0,1,141,0,0,1502
1492747344299,1502,HTTP Request,Non HTTP response code: org.apache.http.conn.ConnectTimeoutException,Non HTTP response message: Connect to 10.138.0.2:80 timed out,Thread Group 75-1,text,false,,1658,0,1,141,0,0,1502
1492747344299,1502,HTTP Request,Non HTTP response code: org.apache.http.conn.ConnectTimeoutException,Non HTTP response message: Connect to 10.138.0.2:80 timed out,Thread Group 88-1,text,false,,1658,0,1,141,0,0,1502
1492747344300,1502,HTTP Request,Non HTTP response code: org.apache.http.conn.ConnectTimeoutException,Non HTTP response message: Connect to 10.138.0.2:80 timed out,Thread Group 27-1,text,false,,1658,0,1,141,0,0,1502
1492747344300,1502,HTTP Request,Non HTTP response code: org.apache.http.conn.ConnectTimeoutException,Non HTTP response message: Connect to 10.138.0.2:80 timed out,Thread Group 11-1,text,false,,1658,0,1,141,0,0,1502
1492747344300,1502,HTTP Request,Non HTTP response code: org.apache.http.conn.ConnectTimeoutException,Non HTTP response message: Connect to 10.138.0.2:80 timed out,Thread Group 55-1,text,false,,1658,0,1,141,0,0,1502
1492747344300,1502,HTTP Request,Non HTTP response code: org.apache.http.conn.ConnectTimeoutException,Non HTTP response message: Connect to 10.138.0.2:80 timed out,Thread Group 138-1,text,false,,1658,0,1,141,0,0,1502
1492747344298,1505,HTTP Request,Non HTTP response code: org.apache.http.conn.ConnectTimeoutException,Non HTTP response message: Connect to 10.138.0.2:80 timed out,Thread Group 96-1,text,false,,1658,0,1,141,0,0,1505
1492747344339,1502,HTTP Request,Non HTTP response code: org.apache.http.conn.ConnectTimeoutException,Non HTTP response message: Connect to 10.138.0.2:80 timed out,Thread Group 70-1,text,false,,1658,0,1,141,0,0,1502
1492747344339,1502,HTTP Request,Non HTTP response code: org.apache.http.conn.ConnectTimeoutException,Non HTTP response message: Connect to 10.138.0.2:80 timed out,Thread Group 21-1,text,false,,1658,0,1,141,0,0,1502
1492747344339,1503,HTTP Request,Non HTTP response code: org.apache.http.conn.ConnectTimeoutException,Non HTTP response message: Connect to 10.138.0.2:80 timed out,Thread Group 76-1,text,false,,1658,0,1,141,0,0,1503
1492747344340,1502,HTTP Request,Non HTTP response code: org.apache.http.conn.ConnectTimeoutException,Non HTTP response message: Connect to 10.138.0.2:80 timed out,Thread Group 60-1,text,false,,1658,0,1,141,0,0,1502
1492747344340,1502,HTTP Request,Non HTTP response code: org.apache.http.conn.ConnectTimeoutException,Non HTTP response message: Connect to 10.138.0.2:80 timed out,Thread Group 124-1,text,false,,1658,0,1,141,0,0,1502
1492747344340,1503,HTTP Request,Non HTTP response code: org.apache.http.conn.ConnectTimeoutException,Non HTTP response message: Connect to 10.138.0.2:80 timed out,Thread Group 5-1,text,false,,1658,0,1,141,0,0,1503
1492747344340,1503,HTTP Request,Non HTTP response code: org.apache.http.conn.ConnectTimeoutException,Non HTTP response message: Connect to 10.138.0.2:80 timed out,Thread Group 67-1,text,false,,1658,0,1,141,0,0,1503
1492747344341,1502,HTTP Request,Non HTTP response code: org.apache.http.conn.ConnectTimeoutException,Non HTTP response message: Connect to 10.138.0.2:80 timed out,Thread Group 66-1,text,false,,1658,0,1,141,0,0,1502
1492747344341,1502,HTTP Request,Non HTTP response code: org.apache.http.conn.ConnectTimeoutException,Non HTTP response message: Connect to 10.138.0.2:80 timed out,Thread Group 81-1,text,false,,1658,0,1,141,0,0,1502
1492747344341,1503,HTTP Request,Non HTTP response code: org.apache.http.conn.ConnectTimeoutException,Non HTTP response message: Connect to 10.138.0.2:80 timed out,Thread Group 120-1,text,false,,1658,0,1,141,0,0,1503
1492747344341,1503,HTTP Request,Non HTTP response code: org.apache.http.conn.ConnectTimeoutException,Non HTTP response message: Connect to 10.138.0.2:80 timed out,Thread Group 134-1,text,false,,1658,0,1,141,0,0,1503
1492747344341,1503,HTTP Request,Non HTTP response code: org.apache.http.conn.ConnectTimeoutException,Non HTTP response message: Connect to 10.138.0.2:80 timed out,Thread Group 58-1,text,false,,1658,0,1,141,0,0,1503
1492747344342,1502,HTTP Request,Non HTTP response code: org.apache.http.conn.ConnectTimeoutException,Non HTTP response message: Connect to 10.138.0.2:80 timed out,Thread Group 36-1,text,false,,1658,0,1,141,0,0,1502
1492747344342,1503,HTTP Request,Non HTTP response code: org.apache.http.conn.ConnectTimeoutException,Non HTTP response message: Connect to 10.138.0.2:80 timed out,Thread Group 90-1,text,false,,1658,0,1,141,0,0,1503
1492747344342,1503,HTTP Request,Non HTTP response code: org.apache.http.conn.ConnectTimeoutException,Non HTTP response message: Connect to 10.138.0.2:80 timed out,Thread Group 139-1,text,false,,1658,0,1,141,0,0,1503
1492747344342,1503,HTTP Request,Non HTTP response code: org.apache.http.conn.ConnectTimeoutException,Non HTTP response message: Connect to 10.138.0.2:80 timed out,Thread Group 131-1,text,false,,1658,0,1,141,0,0,1503
1492747344343,1502,HTTP Request,Non HTTP response code: org.apache.http.conn.ConnectTimeoutException,Non HTTP response message: Connect to 10.138.0.2:80 timed out,Thread Group 53-1,text,false,,1658,0,1,141,0,0,1502
1492747344343,1503,HTTP Request,Non HTTP response code: org.apache.http.conn.ConnectTimeoutException,Non HTTP response message: Connect to 10.138.0.2:80 timed out,Thread Group 34-1,text,false,,1658,0,1,141,0,0,1503
1492747344343,1503,HTTP Request,Non HTTP response code: org.apache.http.conn.ConnectTimeoutException,Non HTTP response message: Connect to 10.138.0.2:80 timed out,Thread Group 46-1,text,false,,1658,0,1,141,0,0,1503
1492747344343,1503,HTTP Request,Non HTTP response code: org.apache.http.conn.ConnectTimeoutException,Non HTTP response message: Connect to 10.138.0.2:80 timed out,Thread Group 51-1,text,false,,1658,0,1,141,0,0,1503
1492747344404,1502,HTTP Request,Non HTTP response code: org.apache.http.conn.ConnectTimeoutException,Non HTTP response message: Connect to 10.138.0.2:80 timed out,Thread Group 117-1,text,false,,1658,0,1,141,0,0,1501
1492747344443,1502,HTTP Request,Non HTTP response code: org.apache.http.conn.ConnectTimeoutException,Non HTTP response message: Connect to 10.138.0.2:80 timed out,Thread Group 16-1,text,false,,1658,0,1,141,0,0,1502
1492747344545,1502,HTTP Request,Non HTTP response code: java.net.SocketTimeoutException,Non HTTP response message: Read timed out,Thread Group 74-1,text,false,,2690,0,1,141,0,0,1
1492747344607,1502,HTTP Request,Non HTTP response code: org.apache.http.conn.ConnectTimeoutException,Non HTTP response message: Connect to 10.138.0.2:80 timed out,Thread Group 17-1,text,false,,1658,0,1,141,0,0,1502
1492747344607,1502,HTTP Request,Non HTTP response code: org.apache.http.conn.ConnectTimeoutException,Non HTTP response message: Connect to 10.138.0.2:80 timed out,Thread Group 1-1,text,false,,1658,0,1,141,0,0,1502
1492747344608,1502,HTTP Request,Non HTTP response code: org.apache.http.conn.ConnectTimeoutException,Non HTTP response message: Connect to 10.138.0.2:80 timed out,Thread Group 54-1,text,false,,1658,0,1,141,0,0,1502
1492747344609,1501,HTTP Request,Non HTTP response code: org.apache.http.conn.ConnectTimeoutException,Non HTTP response message: Connect to 10.138.0.2:80 timed out,Thread Group 38-1,text,false,,1658,0,1,141,0,0,1501
1492747344609,1501,HTTP Request,Non HTTP response code: org.apache.http.conn.ConnectTimeoutException,Non HTTP response message: Connect to 10.138.0.2:80 timed out,Thread Group 20-1,text,false,,1658,0,1,141,0,0,1501
1492747344609,1502,HTTP Request,Non HTTP response code: org.apache.http.conn.ConnectTimeoutException,Non HTTP response message: Connect to 10.138.0.2:80 timed out,Thread Group 83-1,text,false,,1658,0,1,141,0,0,1502
1492747344609,1502,HTTP Request,Non HTTP response code: org.apache.http.conn.ConnectTimeoutException,Non HTTP response message: Connect to 10.138.0.2:80 timed out,Thread Group 45-1,text,false,,1658,0,1,141,0,0,1502
1492747344609,1502,HTTP Request,Non HTTP response code: org.apache.http.conn.ConnectTimeoutException,Non HTTP response message: Connect to 10.138.0.2:80 timed out,Thread Group 82-1,text,false,,1658,0,1,141,0,0,1502
1492747344641,1502,HTTP Request,Non HTTP response code: org.apache.http.conn.ConnectTimeoutException,Non HTTP response message: Connect to 10.138.0.2:80 timed out,Thread Group 123-1,text,false,,1658,0,1,141,0,0,1502
1492747344678,1502,HTTP Request,Non HTTP response code: org.apache.http.conn.ConnectTimeoutException,Non HTTP response message: Connect to 10.138.0.2:80 timed out,Thread Group 37-1,text,false,,1658,0,1,141,0,0,1502
1492747344678,1502,HTTP Request,Non HTTP response code: org.apache.http.conn.ConnectTimeoutException,Non HTTP response message: Connect to 10.138.0.2:80 timed out,Thread Group 10-1,text,false,,1658,0,1,141,0,0,1502
1492747344869,1502,HTTP Request,Non HTTP response code: java.net.SocketTimeoutException,Non HTTP response message: Read timed out,Thread Group 104-1,text,false,,2690,0,1,141,0,0,0
1492747345118,1501,HTTP Request,Non HTTP response code: org.apache.http.conn.ConnectTimeoutException,Non HTTP response message: Connect to 10.138.0.2:80 timed out,Thread Group 68-1,text,false,,1658,0,1,141,0,0,1501
1492747345118,1501,HTTP Request,Non HTTP response code: org.apache.http.conn.ConnectTimeoutException,Non HTTP response message: Connect to 10.138.0.2:80 timed out,Thread Group 39-1,text,false,,1658,0,1,141,0,0,1501
1492747345118,1502,HTTP Request,Non HTTP response code: org.apache.http.conn.ConnectTimeoutException,Non HTTP response message: Connect to 10.138.0.2:80 timed out,Thread Group 114-1,text,false,,1658,0,1,141,0,0,1502
1492747345119,1501,HTTP Request,Non HTTP response code: org.apache.http.conn.ConnectTimeoutException,Non HTTP response message: Connect to 10.138.0.2:80 timed out,Thread Group 108-1,text,false,,1658,0,1,141,0,0,1501
1492747345119,1502,HTTP Request,Non HTTP response code: org.apache.http.conn.ConnectTimeoutException,Non HTTP response message: Connect to 10.138.0.2:80 timed out,Thread Group 24-1,text,false,,1658,0,1,141,0,0,1502
1492747345119,1502,HTTP Request,Non HTTP response code: org.apache.http.conn.ConnectTimeoutException,Non HTTP response message: Connect to 10.138.0.2:80 timed out,Thread Group 3-1,text,false,,1658,0,1,141,0,0,1502
1492747345119,1502,HTTP Request,Non HTTP response code: org.apache.http.conn.ConnectTimeoutException,Non HTTP response message: Connect to 10.138.0.2:80 timed out,Thread Group 85-1,text,false,,1658,0,1,141,0,0,1502
1492747345120,1501,HTTP Request,Non HTTP response code: org.apache.http.conn.ConnectTimeoutException,Non HTTP response message: Connect to 10.138.0.2:80 timed out,Thread Group 9-1,text,false,,1658,0,1,141,0,0,1501
1492747345120,1502,HTTP Request,Non HTTP response code: org.apache.http.conn.ConnectTimeoutException,Non HTTP response message: Connect to 10.138.0.2:80 timed out,Thread Group 59-1,text,false,,1658,0,1,141,0,0,1502
1492747345120,1502,HTTP Request,Non HTTP response code: org.apache.http.conn.ConnectTimeoutException,Non HTTP response message: Connect to 10.138.0.2:80 timed out,Thread Group 119-1,text,false,,1658,0,1,141,0,0,1502
1492747345120,1502,HTTP Request,Non HTTP response code: org.apache.http.conn.ConnectTimeoutException,Non HTTP response message: Connect to 10.138.0.2:80 timed out,Thread Group 23-1,text,false,,1658,0,1,141,0,0,1502
1492747345126,1501,HTTP Request,Non HTTP response code: org.apache.http.conn.ConnectTimeoutException,Non HTTP response message: Connect to 10.138.0.2:80 timed out,Thread Group 33-1,text,false,,1658,0,1,141,0,0,1501
1492747345127,1501,HTTP Request,Non HTTP response code: org.apache.http.conn.ConnectTimeoutException,Non HTTP response message: Connect to 10.138.0.2:80 timed out,Thread Group 141-1,text,false,,1658,0,1,141,0,0,1501
1492747345127,1502,HTTP Request,Non HTTP response code: org.apache.http.conn.ConnectTimeoutException,Non HTTP response message: Connect to 10.138.0.2:80 timed out,Thread Group 111-1,text,false,,1658,0,1,141,0,0,1502
1492747345126,1503,HTTP Request,Non HTTP response code: org.apache.http.conn.ConnectTimeoutException,Non HTTP response message: Connect to 10.138.0.2:80 timed out,Thread Group 77-1,text,false,,1658,0,1,141,0,0,1503
1492747345145,1502,HTTP Request,Non HTTP response code: org.apache.http.conn.ConnectTimeoutException,Non HTTP response message: Connect to 10.138.0.2:80 timed out,Thread Group 133-1,text,false,,1658,0,1,141,0,0,1502
1492747345150,1501,HTTP Request,Non HTTP response code: org.apache.http.conn.ConnectTimeoutException,Non HTTP response message: Connect to 10.138.0.2:80 timed out,Thread Group 95-1,text,false,,1658,0,1,141,0,0,1501
1492747345151,1501,HTTP Request,Non HTTP response code: org.apache.http.conn.ConnectTimeoutException,Non HTTP response message: Connect to 10.138.0.2:80 timed out,Thread Group 107-1,text,false,,1658,0,1,141,0,0,1501
1492747345153,1501,HTTP Request,Non HTTP response code: org.apache.http.conn.ConnectTimeoutException,Non HTTP response message: Connect to 10.138.0.2:80 timed out,Thread Group 61-1,text,false,,1658,0,1,141,0,0,1501
1492747345153,1501,HTTP Request,Non HTTP response code: org.apache.http.conn.ConnectTimeoutException,Non HTTP response message: Connect to 10.138.0.2:80 timed out,Thread Group 50-1,text,false,,1658,0,1,141,0,0,1501
1492747345153,1502,HTTP Request,Non HTTP response code: org.apache.http.conn.ConnectTimeoutException,Non HTTP response message: Connect to 10.138.0.2:80 timed out,Thread Group 42-1,text,false,,1658,0,1,141,0,0,1502
1492747345153,1502,HTTP Request,Non HTTP response code: org.apache.http.conn.ConnectTimeoutException,Non HTTP response message: Connect to 10.138.0.2:80 timed out,Thread Group 87-1,text,false,,1658,0,1,141,0,0,1502
1492747345153,1502,HTTP Request,Non HTTP response code: org.apache.http.conn.ConnectTimeoutException,Non HTTP response message: Connect to 10.138.0.2:80 timed out,Thread Group 115-1,text,false,,1658,0,1,141,0,0,1502
1492747345154,1501,HTTP Request,Non HTTP response code: org.apache.http.conn.ConnectTimeoutException,Non HTTP response message: Connect to 10.138.0.2:80 timed out,Thread Group 98-1,text,false,,1658,0,1,141,0,0,1501
1492747345154,1501,HTTP Request,Non HTTP response code: org.apache.http.conn.ConnectTimeoutException,Non HTTP response message: Connect to 10.138.0.2:80 timed out,Thread Group 112-1,text,false,,1658,0,1,141,0,0,1501
1492747345154,1502,HTTP Request,Non HTTP response code: org.apache.http.conn.ConnectTimeoutException,Non HTTP response message: Connect to 10.138.0.2:80 timed out,Thread Group 84-1,text,false,,1658,0,1,141,0,0,1502
1492747345154,1502,HTTP Request,Non HTTP response code: org.apache.http.conn.ConnectTimeoutException,Non HTTP response message: Connect to 10.138.0.2:80 timed out,Thread Group 128-1,text,false,,1658,0,1,141,0,0,1502
1492747345155,1501,HTTP Request,Non HTTP response code: org.apache.http.conn.ConnectTimeoutException,Non HTTP response message: Connect to 10.138.0.2:80 timed out,Thread Group 92-1,text,false,,1658,0,1,141,0,0,1501
1492747345155,1501,HTTP Request,Non HTTP response code: org.apache.http.conn.ConnectTimeoutException,Non HTTP response message: Connect to 10.138.0.2:80 timed out,Thread Group 125-1,text,false,,1658,0,1,141,0,0,1501
1492747345155,1502,HTTP Request,Non HTTP response code: org.apache.http.conn.ConnectTimeoutException,Non HTTP response message: Connect to 10.138.0.2:80 timed out,Thread Group 91-1,text,false,,1658,0,1,141,0,0,1502
1492747345155,1502,HTTP Request,Non HTTP response code: org.apache.http.conn.ConnectTimeoutException,Non HTTP response message: Connect to 10.138.0.2:80 timed out,Thread Group 100-1,text,false,,1658,0,1,141,0,0,1502
1492747345155,1502,HTTP Request,Non HTTP response code: org.apache.http.conn.ConnectTimeoutException,Non HTTP response message: Connect to 10.138.0.2:80 timed out,Thread Group 89-1,text,false,,1658,0,1,141,0,0,1502
1492747345157,1502,HTTP Request,Non HTTP response code: org.apache.http.conn.ConnectTimeoutException,Non HTTP response message: Connect to 10.138.0.2:80 timed out,Thread Group 97-1,text,false,,1658,0,1,141,0,0,1502
1492747345158,1501,HTTP Request,Non HTTP response code: org.apache.http.conn.ConnectTimeoutException,Non HTTP response message: Connect to 10.138.0.2:80 timed out,Thread Group 12-1,text,false,,1658,0,1,141,0,0,1501
1492747345158,1501,HTTP Request,Non HTTP response code: org.apache.http.conn.ConnectTimeoutException,Non HTTP response message: Connect to 10.138.0.2:80 timed out,Thread Group 137-1,text,false,,1658,0,1,141,0,0,1501
1492747345234,1503,HTTP Request,Non HTTP response code: java.net.SocketTimeoutException,Non HTTP response message: Read timed out,Thread Group 44-1,text,false,,2690,0,1,141,0,0,1
1492747345234,1503,HTTP Request,Non HTTP response code: java.net.SocketTimeoutException,Non HTTP response message: Read timed out,Thread Group 48-1,text,false,,2690,0,1,141,0,0,1
1492747345233,1505,HTTP Request,Non HTTP response code: java.net.SocketTimeoutException,Non HTTP response message: Read timed out,Thread Group 99-1,text,false,,2690,0,1,141,0,0,2
1492747345233,1505,HTTP Request,Non HTTP response code: java.net.SocketTimeoutException,Non HTTP response message: Read timed out,Thread Group 110-1,text,false,,2690,0,1,141,0,0,2
1492747345234,1504,HTTP Request,Non HTTP response code: java.net.SocketTimeoutException,Non HTTP response message: Read timed out,Thread Group 63-1,text,false,,2690,0,1,141,0,0,1
1492747345233,1506,HTTP Request,Non HTTP response code: java.net.SocketTimeoutException,Non HTTP response message: Read timed out,Thread Group 7-1,text,false,,2690,0,1,141,0,0,2
1492747345233,1506,HTTP Request,Non HTTP response code: java.net.SocketTimeoutException,Non HTTP response message: Read timed out,Thread Group 94-1,text,false,,2690,0,1,141,0,0,2
1492747345235,1504,HTTP Request,Non HTTP response code: java.net.SocketTimeoutException,Non HTTP response message: Read timed out,Thread Group 80-1,text,false,,2690,0,1,141,0,0,0
1492747345232,1508,HTTP Request,Non HTTP response code: java.net.SocketTimeoutException,Non HTTP response message: Read timed out,Thread Group 47-1,text,false,,2690,0,1,141,0,0,3
1492747345262,1502,HTTP Request,Non HTTP response code: org.apache.http.conn.ConnectTimeoutException,Non HTTP response message: Connect to 10.138.0.2:80 timed out,Thread Group 118-1,text,false,,1658,0,1,141,0,0,1502
1492747345411,1502,HTTP Request,Non HTTP response code: org.apache.http.conn.ConnectTimeoutException,Non HTTP response message: Connect to 10.138.0.2:80 timed out,Thread Group 93-1,text,false,,1658,0,1,141,0,0,1501
1492747345411,1502,HTTP Request,Non HTTP response code: org.apache.http.conn.ConnectTimeoutException,Non HTTP response message: Connect to 10.138.0.2:80 timed out,Thread Group 29-1,text,false,,1658,0,1,141,0,0,1502
1492747345411,1502,HTTP Request,Non HTTP response code: org.apache.http.conn.ConnectTimeoutException,Non HTTP response message: Connect to 10.138.0.2:80 timed out,Thread Group 135-1,text,false,,1658,0,1,141,0,0,1502
1492747345412,1502,HTTP Request,Non HTTP response code: org.apache.http.conn.ConnectTimeoutException,Non HTTP response message: Connect to 10.138.0.2:80 timed out,Thread Group 126-1,text,false,,1658,0,1,141,0,0,1502
1492747345412,1502,HTTP Request,Non HTTP response code: org.apache.http.conn.ConnectTimeoutException,Non HTTP response message: Connect to 10.138.0.2:80 timed out,Thread Group 121-1,text,false,,1658,0,1,141,0,0,1502
1492747345410,1504,HTTP Request,Non HTTP response code: org.apache.http.conn.ConnectTimeoutException,Non HTTP response message: Connect to 10.138.0.2:80 timed out,Thread Group 113-1,text,false,,1658,0,1,141,0,0,1504
1492747345412,1502,HTTP Request,Non HTTP response code: org.apache.http.conn.ConnectTimeoutException,Non HTTP response message: Connect to 10.138.0.2:80 timed out,Thread Group 136-1,text,false,,1658,0,1,141,0,0,1502
1492747345445,1502,HTTP Request,Non HTTP response code: org.apache.http.conn.ConnectTimeoutException,Non HTTP response message: Connect to 10.138.0.2:80 timed out,Thread Group 28-1,text,false,,1658,0,1,141,0,0,1502
1492747345446,1502,HTTP Request,Non HTTP response code: org.apache.http.conn.ConnectTimeoutException,Non HTTP response message: Connect to 10.138.0.2:80 timed out,Thread Group 19-1,text,false,,1658,0,1,141,0,0,1502
1492747345446,1502,HTTP Request,Non HTTP response code: org.apache.http.conn.ConnectTimeoutException,Non HTTP response message: Connect to 10.138.0.2:80 timed out,Thread Group 22-1,text,false,,1658,0,1,141,0,0,1502
1492747345446,1502,HTTP Request,Non HTTP response code: org.apache.http.conn.ConnectTimeoutException,Non HTTP response message: Connect to 10.138.0.2:80 timed out,Thread Group 109-1,text,false,,1658,0,1,141,0,0,1502
1492747345453,1501,HTTP Request,Non HTTP response code: org.apache.http.conn.ConnectTimeoutException,Non HTTP response message: Connect to 10.138.0.2:80 timed out,Thread Group 140-1,text,false,,1658,0,1,141,0,0,1501
1492747345453,1502,HTTP Request,Non HTTP response code: org.apache.http.conn.ConnectTimeoutException,Non HTTP response message: Connect to 10.138.0.2:80 timed out,Thread Group 8-1,text,false,,1658,0,1,141,0,0,1502
1492747345453,1502,HTTP Request,Non HTTP response code: org.apache.http.conn.ConnectTimeoutException,Non HTTP response message: Connect to 10.138.0.2:80 timed out,Thread Group 132-1,text,false,,1658,0,1,141,0,0,1502
1492747345454,1501,HTTP Request,Non HTTP response code: org.apache.http.conn.ConnectTimeoutException,Non HTTP response message: Connect to 10.138.0.2:80 timed out,Thread Group 129-1,text,false,,1658,0,1,141,0,0,1501
1492747345454,1501,HTTP Request,Non HTTP response code: org.apache.http.conn.ConnectTimeoutException,Non HTTP response message: Connect to 10.138.0.2:80 timed out,Thread Group 25-1,text,false,,1658,0,1,141,0,0,1501
1492747345454,1501,HTTP Request,Non HTTP response code: org.apache.http.conn.ConnectTimeoutException,Non HTTP response message: Connect to 10.138.0.2:80 timed out,Thread Group 78-1,text,false,,1658,0,1,141,0,0,1501
1492747345454,1502,HTTP Request,Non HTTP response code: org.apache.http.conn.ConnectTimeoutException,Non HTTP response message: Connect to 10.138.0.2:80 timed out,Thread Group 13-1,text,false,,1658,0,1,141,0,0,1502
1492747345454,1502,HTTP Request,Non HTTP response code: org.apache.http.conn.ConnectTimeoutException,Non HTTP response message: Connect to 10.138.0.2:80 timed out,Thread Group 106-1,text,false,,1658,0,1,141,0,0,1502
1492747345453,1503,HTTP Request,Non HTTP response code: org.apache.http.conn.ConnectTimeoutException,Non HTTP response message: Connect to 10.138.0.2:80 timed out,Thread Group 71-1,text,false,,1658,0,1,141,0,0,1503
1492747345455,1501,HTTP Request,Non HTTP response code: org.apache.http.conn.ConnectTimeoutException,Non HTTP response message: Connect to 10.138.0.2:80 timed out,Thread Group 32-1,text,false,,1658,0,1,141,0,0,1501
1492747345456,1501,HTTP Request,Non HTTP response code: org.apache.http.conn.ConnectTimeoutException,Non HTTP response message: Connect to 10.138.0.2:80 timed out,Thread Group 102-1,text,false,,1658,0,1,141,0,0,1501
1492747345456,1501,HTTP Request,Non HTTP response code: org.apache.http.conn.ConnectTimeoutException,Non HTTP response message: Connect to 10.138.0.2:80 timed out,Thread Group 43-1,text,false,,1658,0,1,141,0,0,1501
1492747345456,1501,HTTP Request,Non HTTP response code: org.apache.http.conn.ConnectTimeoutException,Non HTTP response message: Connect to 10.138.0.2:80 timed out,Thread Group 26-1,text,false,,1658,0,1,141,0,0,1501
1492747345456,1502,HTTP Request,Non HTTP response code: org.apache.http.conn.ConnectTimeoutException,Non HTTP response message: Connect to 10.138.0.2:80 timed out,Thread Group 40-1,text,false,,1658,0,1,141,0,0,1502
1492747345457,1501,HTTP Request,Non HTTP response code: org.apache.http.conn.ConnectTimeoutException,Non HTTP response message: Connect to 10.138.0.2:80 timed out,Thread Group 4-1,text,false,,1658,0,1,141,0,0,1501
1492747345457,1502,HTTP Request,Non HTTP response code: org.apache.http.conn.ConnectTimeoutException,Non HTTP response message: Connect to 10.138.0.2:80 timed out,Thread Group 79-1,text,false,,1658,0,1,141,0,0,1502
1492747345457,1502,HTTP Request,Non HTTP response code: org.apache.http.conn.ConnectTimeoutException,Non HTTP response message: Connect to 10.138.0.2:80 timed out,Thread Group 31-1,text,false,,1658,0,1,141,0,0,1502
1492747345457,1502,HTTP Request,Non HTTP response code: org.apache.http.conn.ConnectTimeoutException,Non HTTP response message: Connect to 10.138.0.2:80 timed out,Thread Group 86-1,text,false,,1658,0,1,141,0,0,1502
1492747345458,1501,HTTP Request,Non HTTP response code: org.apache.http.conn.ConnectTimeoutException,Non HTTP response message: Connect to 10.138.0.2:80 timed out,Thread Group 122-1,text,false,,1658,0,1,141,0,0,1501
1492747345458,1501,HTTP Request,Non HTTP response code: org.apache.http.conn.ConnectTimeoutException,Non HTTP response message: Connect to 10.138.0.2:80 timed out,Thread Group 14-1,text,false,,1658,0,1,141,0,0,1501
1492747345458,1502,HTTP Request,Non HTTP response code: org.apache.http.conn.ConnectTimeoutException,Non HTTP response message: Connect to 10.138.0.2:80 timed out,Thread Group 73-1,text,false,,1658,0,1,141,0,0,1502
1492747345457,1501,HTTP Request,Non HTTP response code: org.apache.http.conn.ConnectTimeoutException,Non HTTP response message: Connect to 10.138.0.2:80 timed out,Thread Group 49-1,text,false,,1658,0,1,141,0,0,1501
1492747345462,1501,HTTP Request,Non HTTP response code: org.apache.http.conn.ConnectTimeoutException,Non HTTP response message: Connect to 10.138.0.2:80 timed out,Thread Group 101-1,text,false,,1658,0,1,141,0,0,1501
1492747345592,1503,HTTP Request,Non HTTP response code: java.net.SocketTimeoutException,Non HTTP response message: Read timed out,Thread Group 103-1,text,false,,2690,0,1,141,0,0,1
1492747345674,1501,HTTP Request,Non HTTP response code: org.apache.http.conn.ConnectTimeoutException,Non HTTP response message: Connect to 10.138.0.2:80 timed out,Thread Group 56-1,text,false,,1658,0,1,141,0,0,1501
1492747345678,1501,HTTP Request,Non HTTP response code: org.apache.http.conn.ConnectTimeoutException,Non HTTP response message: Connect to 10.138.0.2:80 timed out,Thread Group 69-1,text,false,,1658,0,1,141,0,0,1501
1492747345681,1501,HTTP Request,Non HTTP response code: org.apache.http.conn.ConnectTimeoutException,Non HTTP response message: Connect to 10.138.0.2:80 timed out,Thread Group 57-1,text,false,,1658,0,1,141,0,0,1501
1492747345681,1502,HTTP Request,Non HTTP response code: org.apache.http.conn.ConnectTimeoutException,Non HTTP response message: Connect to 10.138.0.2:80 timed out,Thread Group 2-1,text,false,,1658,0,1,141,0,0,1502
1492747345716,1501,HTTP Request,Non HTTP response code: org.apache.http.conn.ConnectTimeoutException,Non HTTP response message: Connect to 10.138.0.2:80 timed out,Thread Group 62-1,text,false,,1658,0,1,141,0,0,1501
1492747345716,1502,HTTP Request,Non HTTP response code: org.apache.http.conn.ConnectTimeoutException,Non HTTP response message: Connect to 10.138.0.2:80 timed out,Thread Group 65-1,text,false,,1658,0,1,141,0,0,1502
1492747345725,1501,HTTP Request,Non HTTP response code: org.apache.http.conn.ConnectTimeoutException,Non HTTP response message: Connect to 10.138.0.2:80 timed out,Thread Group 41-1,text,false,,1658,0,1,141,0,0,1501
1492747345725,1502,HTTP Request,Non HTTP response code: org.apache.http.conn.ConnectTimeoutException,Non HTTP response message: Connect to 10.138.0.2:80 timed out,Thread Group 64-1,text,false,,1658,0,1,141,0,0,1502
1492747345725,1502,HTTP Request,Non HTTP response code: org.apache.http.conn.ConnectTimeoutException,Non HTTP response message: Connect to 10.138.0.2:80 timed out,Thread Group 30-1,text,false,,1658,0,1,141,0,0,1502
1492747345726,1501,HTTP Request,Non HTTP response code: org.apache.http.conn.ConnectTimeoutException,Non HTTP response message: Connect to 10.138.0.2:80 timed out,Thread Group 6-1,text,false,,1658,0,1,141,0,0,1501
1492747345726,1501,HTTP Request,Non HTTP response code: org.apache.http.conn.ConnectTimeoutException,Non HTTP response message: Connect to 10.138.0.2:80 timed out,Thread Group 72-1,text,false,,1658,0,1,141,0,0,1501
1492747345772,1502,HTTP Request,Non HTTP response code: org.apache.http.conn.ConnectTimeoutException,Non HTTP response message: Connect to 10.138.0.2:80 timed out,Thread Group 116-1,text,false,,1658,0,1,141,0,0,1502
1492747345792,1502,HTTP Request,Non HTTP response code: org.apache.http.conn.ConnectTimeoutException,Non HTTP response message: Connect to 10.138.0.2:80 timed out,Thread Group 130-1,text,false,,1658,0,1,141,0,0,1502
1492747345793,1502,HTTP Request,Non HTTP response code: org.apache.http.conn.ConnectTimeoutException,Non HTTP response message: Connect to 10.138.0.2:80 timed out,Thread Group 15-1,text,false,,1658,0,1,141,0,0,1502
1492747345793,1502,HTTP Request,Non HTTP response code: org.apache.http.conn.ConnectTimeoutException,Non HTTP response message: Connect to 10.138.0.2:80 timed out,Thread Group 18-1,text,false,,1658,0,1,141,0,0,1502
1492747345792,1503,HTTP Request,Non HTTP response code: org.apache.http.conn.ConnectTimeoutException,Non HTTP response message: Connect to 10.138.0.2:80 timed out,Thread Group 52-1,text,false,,1658,0,1,141,0,0,1503
1492747345801,1501,HTTP Request,Non HTTP response code: org.apache.http.conn.ConnectTimeoutException,Non HTTP response message: Connect to 10.138.0.2:80 timed out,Thread Group 35-1,text,false,,1658,0,1,141,0,0,1501
1492747345801,1502,HTTP Request,Non HTTP response code: org.apache.http.conn.ConnectTimeoutException,Non HTTP response message: Connect to 10.138.0.2:80 timed out,Thread Group 105-1,text,false,,1658,0,1,141,0,0,1502
1492747345801,1502,HTTP Request,Non HTTP response code: org.apache.http.conn.ConnectTimeoutException,Non HTTP response message: Connect to 10.138.0.2:80 timed out,Thread Group 75-1,text,false,,1658,0,1,141,0,0,1502
1492747345803,1506,HTTP Request,Non HTTP response code: org.apache.http.conn.ConnectTimeoutException,Non HTTP response message: Connect to 10.138.0.2:80 timed out,Thread Group 96-1,text,false,,1658,0,1,141,0,0,1506
1492747345801,1502,HTTP Request,Non HTTP response code: org.apache.http.conn.ConnectTimeoutException,Non HTTP response message: Connect to 10.138.0.2:80 timed out,Thread Group 88-1,text,false,,1658,0,1,141,0,0,1502
1492747345802,1508,HTTP Request,Non HTTP response code: org.apache.http.conn.ConnectTimeoutException,Non HTTP response message: Connect to 10.138.0.2:80 timed out,Thread Group 138-1,text,false,,1658,0,1,141,0,0,1508
1492747345802,1508,HTTP Request,Non HTTP response code: org.apache.http.conn.ConnectTimeoutException,Non HTTP response message: Connect to 10.138.0.2:80 timed out,Thread Group 55-1,text,false,,1658,0,1,141,0,0,1508
1492747345802,1508,HTTP Request,Non HTTP response code: org.apache.http.conn.ConnectTimeoutException,Non HTTP response message: Connect to 10.138.0.2:80 timed out,Thread Group 11-1,text,false,,1658,0,1,141,0,0,1508
1492747345802,1501,HTTP Request,Non HTTP response code: org.apache.http.conn.ConnectTimeoutException,Non HTTP response message: Connect to 10.138.0.2:80 timed out,Thread Group 27-1,text,false,,1658,0,1,141,0,0,1501
1492747345842,1502,HTTP Request,Non HTTP response code: org.apache.http.conn.ConnectTimeoutException,Non HTTP response message: Connect to 10.138.0.2:80 timed out,Thread Group 124-1,text,false,,1658,0,1,141,0,0,1502
1492747345843,1501,HTTP Request,Non HTTP response code: org.apache.http.conn.ConnectTimeoutException,Non HTTP response message: Connect to 10.138.0.2:80 timed out,Thread Group 5-1,text,false,,1658,0,1,141,0,0,1501
1492747345843,1502,HTTP Request,Non HTTP response code: org.apache.http.conn.ConnectTimeoutException,Non HTTP response message: Connect to 10.138.0.2:80 timed out,Thread Group 67-1,text,false,,1658,0,1,141,0,0,1502
1492747345843,1502,HTTP Request,Non HTTP response code: org.apache.http.conn.ConnectTimeoutException,Non HTTP response message: Connect to 10.138.0.2:80 timed out,Thread Group 66-1,text,false,,1658,0,1,141,0,0,1502
1492747345844,1501,HTTP Request,Non HTTP response code: org.apache.http.conn.ConnectTimeoutException,Non HTTP response message: Connect to 10.138.0.2:80 timed out,Thread Group 81-1,text,false,,1658,0,1,141,0,0,1501
1492747345844,1501,HTTP Request,Non HTTP response code: org.apache.http.conn.ConnectTimeoutException,Non HTTP response message: Connect to 10.138.0.2:80 timed out,Thread Group 120-1,text,false,,1658,0,1,141,0,0,1501
1492747345844,1502,HTTP Request,Non HTTP response code: org.apache.http.conn.ConnectTimeoutException,Non HTTP response message: Connect to 10.138.0.2:80 timed out,Thread Group 134-1,text,false,,1658,0,1,141,0,0,1502
1492747345844,1502,HTTP Request,Non HTTP response code: org.apache.http.conn.ConnectTimeoutException,Non HTTP response message: Connect to 10.138.0.2:80 timed out,Thread Group 36-1,text,false,,1658,0,1,141,0,0,1502
1492747345845,1501,HTTP Request,Non HTTP response code: org.apache.http.conn.ConnectTimeoutException,Non HTTP response message: Connect to 10.138.0.2:80 timed out,Thread Group 90-1,text,false,,1658,0,1,141,0,0,1501
1492747345845,1502,HTTP Request,Non HTTP response code: org.apache.http.conn.ConnectTimeoutException,Non HTTP response message: Connect to 10.138.0.2:80 timed out,Thread Group 131-1,text,false,,1658,0,1,141,0,0,1502
1492747345845,1502,HTTP Request,Non HTTP response code: org.apache.http.conn.ConnectTimeoutException,Non HTTP response message: Connect to 10.138.0.2:80 timed out,Thread Group 53-1,text,false,,1658,0,1,141,0,0,1502
1492747345846,1501,HTTP Request,Non HTTP response code: org.apache.http.conn.ConnectTimeoutException,Non HTTP response message: Connect to 10.138.0.2:80 timed out,Thread Group 34-1,text,false,,1658,0,1,141,0,0,1501
1492747345846,1501,HTTP Request,Non HTTP response code: org.apache.http.conn.ConnectTimeoutException,Non HTTP response message: Connect to 10.138.0.2:80 timed out,Thread Group 46-1,text,false,,1658,0,1,141,0,0,1501
1492747345846,1502,HTTP Request,Non HTTP response code: org.apache.http.conn.ConnectTimeoutException,Non HTTP response message: Connect to 10.138.0.2:80 timed out,Thread Group 51-1,text,false,,1658,0,1,141,0,0,1501
1492747345845,1503,HTTP Request,Non HTTP response code: org.apache.http.conn.ConnectTimeoutException,Non HTTP response message: Connect to 10.138.0.2:80 timed out,Thread Group 139-1,text,false,,1658,0,1,141,0,0,1503
1492747345844,1502,HTTP Request,Non HTTP response code: org.apache.http.conn.ConnectTimeoutException,Non HTTP response message: Connect to 10.138.0.2:80 timed out,Thread Group 58-1,text,false,,1658,0,1,141,0,0,1502
1492747345906,1502,HTTP Request,Non HTTP response code: java.net.SocketTimeoutException,Non HTTP response message: Read timed out,Thread Group 117-1,text,false,,2690,0,1,141,0,0,0
1492747345945,1502,HTTP Request,Non HTTP response code: org.apache.http.conn.ConnectTimeoutException,Non HTTP response message: Connect to 10.138.0.2:80 timed out,Thread Group 16-1,text,false,,1658,0,1,141,0,0,1502
1492747346048,1502,HTTP Request,Non HTTP response code: org.apache.http.conn.ConnectTimeoutException,Non HTTP response message: Connect to 10.138.0.2:80 timed out,Thread Group 74-1,text,false,,1658,0,1,141,0,0,1502
1492747346109,1502,HTTP Request,Non HTTP response code: org.apache.http.conn.ConnectTimeoutException,Non HTTP response message: Connect to 10.138.0.2:80 timed out,Thread Group 17-1,text,false,,1658,0,1,141,0,0,1502
1492747346110,1502,HTTP Request,Non HTTP response code: org.apache.http.conn.ConnectTimeoutException,Non HTTP response message: Connect to 10.138.0.2:80 timed out,Thread Group 1-1,text,false,,1658,0,1,141,0,0,1502
1492747346110,1502,HTTP Request,Non HTTP response code: org.apache.http.conn.ConnectTimeoutException,Non HTTP response message: Connect to 10.138.0.2:80 timed out,Thread Group 54-1,text,false,,1658,0,1,141,0,0,1502
1492747346110,1502,HTTP Request,Non HTTP response code: org.apache.http.conn.ConnectTimeoutException,Non HTTP response message: Connect to 10.138.0.2:80 timed out,Thread Group 38-1,text,false,,1658,0,1,141,0,0,1502
1492747346111,1502,HTTP Request,Non HTTP response code: org.apache.http.conn.ConnectTimeoutException,Non HTTP response message: Connect to 10.138.0.2:80 timed out,Thread Group 20-1,text,false,,1658,0,1,141,0,0,1502
1492747346111,1502,HTTP Request,Non HTTP response code: org.apache.http.conn.ConnectTimeoutException,Non HTTP response message: Connect to 10.138.0.2:80 timed out,Thread Group 83-1,text,false,,1658,0,1,141,0,0,1502
1492747346111,1502,HTTP Request,Non HTTP response code: org.apache.http.conn.ConnectTimeoutException,Non HTTP response message: Connect to 10.138.0.2:80 timed out,Thread Group 45-1,text,false,,1658,0,1,141,0,0,1502
1492747346111,1502,HTTP Request,Non HTTP response code: org.apache.http.conn.ConnectTimeoutException,Non HTTP response message: Connect to 10.138.0.2:80 timed out,Thread Group 82-1,text,false,,1658,0,1,141,0,0,1502
1492747346143,1502,HTTP Request,Non HTTP response code: org.apache.http.conn.ConnectTimeoutException,Non HTTP response message: Connect to 10.138.0.2:80 timed out,Thread Group 123-1,text,false,,1658,0,1,141,0,0,1502
1492747346180,1502,HTTP Request,Non HTTP response code: org.apache.http.conn.ConnectTimeoutException,Non HTTP response message: Connect to 10.138.0.2:80 timed out,Thread Group 37-1,text,false,,1658,0,1,141,0,0,1502
1492747346180,1502,HTTP Request,Non HTTP response code: org.apache.http.conn.ConnectTimeoutException,Non HTTP response message: Connect to 10.138.0.2:80 timed out,Thread Group 10-1,text,false,,1658,0,1,141,0,0,1502
1492747345335,2502,HTTP Request,Non HTTP response code: java.net.SocketTimeoutException,Non HTTP response message: Read timed out,Thread Group 127-1,text,false,,2690,0,1,141,0,0,1000
1492747346371,1502,HTTP Request,Non HTTP response code: java.net.SocketTimeoutException,Non HTTP response message: Read timed out,Thread Group 104-1,text,false,,2690,0,1,141,0,0,1
1492747346619,1502,HTTP Request,Non HTTP response code: org.apache.http.conn.ConnectTimeoutException,Non HTTP response message: Connect to 10.138.0.2:80 timed out,Thread Group 39-1,text,false,,1658,0,1,141,0,0,1502
1492747346620,1502,HTTP Request,Non HTTP response code: org.apache.http.conn.ConnectTimeoutException,Non HTTP response message: Connect to 10.138.0.2:80 timed out,Thread Group 114-1,text,false,,1658,0,1,141,0,0,1502
1492747346619,1503,HTTP Request,Non HTTP response code: java.net.SocketTimeoutException,Non HTTP response message: Read timed out,Thread Group 68-1,text,false,,2690,0,1,141,0,0,1
1492747346620,1502,HTTP Request,Non HTTP response code: org.apache.http.conn.ConnectTimeoutException,Non HTTP response message: Connect to 10.138.0.2:80 timed out,Thread Group 108-1,text,false,,1658,0,1,141,0,0,1502
1492747346621,1502,HTTP Request,Non HTTP response code: org.apache.http.conn.ConnectTimeoutException,Non HTTP response message: Connect to 10.138.0.2:80 timed out,Thread Group 3-1,text,false,,1658,0,1,141,0,0,1502
1492747346621,1502,HTTP Request,Non HTTP response code: org.apache.http.conn.ConnectTimeoutException,Non HTTP response message: Connect to 10.138.0.2:80 timed out,Thread Group 85-1,text,false,,1658,0,1,141,0,0,1502
1492747346621,1502,HTTP Request,Non HTTP response code: org.apache.http.conn.ConnectTimeoutException,Non HTTP response message: Connect to 10.138.0.2:80 timed out,Thread Group 9-1,text,false,,1658,0,1,141,0,0,1502
1492747346622,1501,HTTP Request,Non HTTP response code: org.apache.http.conn.ConnectTimeoutException,Non HTTP response message: Connect to 10.138.0.2:80 timed out,Thread Group 59-1,text,false,,1658,0,1,141,0,0,1501
1492747346622,1502,HTTP Request,Non HTTP response code: org.apache.http.conn.ConnectTimeoutException,Non HTTP response message: Connect to 10.138.0.2:80 timed out,Thread Group 119-1,text,false,,1658,0,1,141,0,0,1502
1492747346622,1502,HTTP Request,Non HTTP response code: org.apache.http.conn.ConnectTimeoutException,Non HTTP response message: Connect to 10.138.0.2:80 timed out,Thread Group 23-1,text,false,,1658,0,1,141,0,0,1502
1492747346621,1503,HTTP Request,Non HTTP response code: org.apache.http.conn.ConnectTimeoutException,Non HTTP response message: Connect to 10.138.0.2:80 timed out,Thread Group 24-1,text,false,,1658,0,1,141,0,0,1501
1492747346627,1501,HTTP Request,Non HTTP response code: org.apache.http.conn.ConnectTimeoutException,Non HTTP response message: Connect to 10.138.0.2:80 timed out,Thread Group 33-1,text,false,,1658,0,1,141,0,0,1501
1492747346628,1502,HTTP Request,Non HTTP response code: org.apache.http.conn.ConnectTimeoutException,Non HTTP response message: Connect to 10.138.0.2:80 timed out,Thread Group 141-1,text,false,,1658,0,1,141,0,0,1502
1492747346629,1501,HTTP Request,Non HTTP response code: org.apache.http.conn.ConnectTimeoutException,Non HTTP response message: Connect to 10.138.0.2:80 timed out,Thread Group 111-1,text,false,,1658,0,1,141,0,0,1501
1492747346629,1502,HTTP Request,Non HTTP response code: org.apache.http.conn.ConnectTimeoutException,Non HTTP response message: Connect to 10.138.0.2:80 timed out,Thread Group 77-1,text,false,,1658,0,1,141,0,0,1502
1492747346647,1502,HTTP Request,Non HTTP response code: org.apache.http.conn.ConnectTimeoutException,Non HTTP response message: Connect to 10.138.0.2:80 timed out,Thread Group 133-1,text,false,,1658,0,1,141,0,0,1502
1492747346651,1501,HTTP Request,Non HTTP response code: org.apache.http.conn.ConnectTimeoutException,Non HTTP response message: Connect to 10.138.0.2:80 timed out,Thread Group 95-1,text,false,,1658,0,1,141,0,0,1501
1492747346652,1502,HTTP Request,Non HTTP response code: org.apache.http.conn.ConnectTimeoutException,Non HTTP response message: Connect to 10.138.0.2:80 timed out,Thread Group 107-1,text,false,,1658,0,1,141,0,0,1502
1492747346654,1501,HTTP Request,Non HTTP response code: org.apache.http.conn.ConnectTimeoutException,Non HTTP response message: Connect to 10.138.0.2:80 timed out,Thread Group 61-1,text,false,,1658,0,1,141,0,0,1501
1492747346655,1501,HTTP Request,Non HTTP response code: org.apache.http.conn.ConnectTimeoutException,Non HTTP response message: Connect to 10.138.0.2:80 timed out,Thread Group 42-1,text,false,,1658,0,1,141,0,0,1501
1492747346655,1502,HTTP Request,Non HTTP response code: org.apache.http.conn.ConnectTimeoutException,Non HTTP response message: Connect to 10.138.0.2:80 timed out,Thread Group 87-1,text,false,,1658,0,1,141,0,0,1502
1492747346655,1502,HTTP Request,Non HTTP response code: org.apache.http.conn.ConnectTimeoutException,Non HTTP response message: Connect to 10.138.0.2:80 timed out,Thread Group 115-1,text,false,,1658,0,1,141,0,0,1502
1492747346655,1502,HTTP Request,Non HTTP response code: org.apache.http.conn.ConnectTimeoutException,Non HTTP response message: Connect to 10.138.0.2:80 timed out,Thread Group 98-1,text,false,,1658,0,1,141,0,0,1502
1492747346655,1502,HTTP Request,Non HTTP response code: org.apache.http.conn.ConnectTimeoutException,Non HTTP response message: Connect to 10.138.0.2:80 timed out,Thread Group 112-1,text,false,,1658,0,1,141,0,0,1502
1492747346656,1501,HTTP Request,Non HTTP response code: org.apache.http.conn.ConnectTimeoutException,Non HTTP response message: Connect to 10.138.0.2:80 timed out,Thread Group 84-1,text,false,,1658,0,1,141,0,0,1501
1492747346656,1502,HTTP Request,Non HTTP response code: org.apache.http.conn.ConnectTimeoutException,Non HTTP response message: Connect to 10.138.0.2:80 timed out,Thread Group 128-1,text,false,,1658,0,1,141,0,0,1502
1492747346656,1502,HTTP Request,Non HTTP response code: org.apache.http.conn.ConnectTimeoutException,Non HTTP response message: Connect to 10.138.0.2:80 timed out,Thread Group 50-1,text,false,,1658,0,1,141,0,0,1502
1492747346656,1502,HTTP Request,Non HTTP response code: org.apache.http.conn.ConnectTimeoutException,Non HTTP response message: Connect to 10.138.0.2:80 timed out,Thread Group 92-1,text,false,,1658,0,1,141,0,0,1502
1492747346657,1501,HTTP Request,Non HTTP response code: org.apache.http.conn.ConnectTimeoutException,Non HTTP response message: Connect to 10.138.0.2:80 timed out,Thread Group 125-1,text,false,,1658,0,1,141,0,0,1501
1492747346657,1502,HTTP Request,Non HTTP response code: org.apache.http.conn.ConnectTimeoutException,Non HTTP response message: Connect to 10.138.0.2:80 timed out,Thread Group 100-1,text,false,,1658,0,1,141,0,0,1502
1492747346657,1502,HTTP Request,Non HTTP response code: org.apache.http.conn.ConnectTimeoutException,Non HTTP response message: Connect to 10.138.0.2:80 timed out,Thread Group 89-1,text,false,,1658,0,1,141,0,0,1502
1492747346657,1501,HTTP Request,Non HTTP response code: org.apache.http.conn.ConnectTimeoutException,Non HTTP response message: Connect to 10.138.0.2:80 timed out,Thread Group 91-1,text,false,,1658,0,1,141,0,0,1501
1492747346659,1501,HTTP Request,Non HTTP response code: org.apache.http.conn.ConnectTimeoutException,Non HTTP response message: Connect to 10.138.0.2:80 timed out,Thread Group 97-1,text,false,,1658,0,1,141,0,0,1501
1492747346659,1502,HTTP Request,Non HTTP response code: org.apache.http.conn.ConnectTimeoutException,Non HTTP response message: Connect to 10.138.0.2:80 timed out,Thread Group 12-1,text,false,,1658,0,1,141,0,0,1502
1492747346659,1502,HTTP Request,Non HTTP response code: org.apache.http.conn.ConnectTimeoutException,Non HTTP response message: Connect to 10.138.0.2:80 timed out,Thread Group 137-1,text,false,,1658,0,1,141,0,0,1502
1492747346737,1502,HTTP Request,Non HTTP response code: org.apache.http.conn.ConnectTimeoutException,Non HTTP response message: Connect to 10.138.0.2:80 timed out,Thread Group 44-1,text,false,,1658,0,1,141,0,0,1502
1492747346737,1502,HTTP Request,Non HTTP response code: org.apache.http.conn.ConnectTimeoutException,Non HTTP response message: Connect to 10.138.0.2:80 timed out,Thread Group 48-1,text,false,,1658,0,1,141,0,0,1502
1492747346738,1501,HTTP Request,Non HTTP response code: org.apache.http.conn.ConnectTimeoutException,Non HTTP response message: Connect to 10.138.0.2:80 timed out,Thread Group 99-1,text,false,,1658,0,1,141,0,0,1501
1492747346738,1502,HTTP Request,Non HTTP response code: org.apache.http.conn.ConnectTimeoutException,Non HTTP response message: Connect to 10.138.0.2:80 timed out,Thread Group 110-1,text,false,,1658,0,1,141,0,0,1502
1492747346740,1500,HTTP Request,Non HTTP response code: org.apache.http.conn.ConnectTimeoutException,Non HTTP response message: Connect to 10.138.0.2:80 timed out,Thread Group 47-1,text,false,,1658,0,1,141,0,0,1500
1492747346739,1502,HTTP Request,Non HTTP response code: org.apache.http.conn.ConnectTimeoutException,Non HTTP response message: Connect to 10.138.0.2:80 timed out,Thread Group 7-1,text,false,,1658,0,1,141,0,0,1502
1492747346739,1502,HTTP Request,Non HTTP response code: org.apache.http.conn.ConnectTimeoutException,Non HTTP response message: Connect to 10.138.0.2:80 timed out,Thread Group 94-1,text,false,,1658,0,1,141,0,0,1502
1492747346739,1502,HTTP Request,Non HTTP response code: org.apache.http.conn.ConnectTimeoutException,Non HTTP response message: Connect to 10.138.0.2:80 timed out,Thread Group 80-1,text,false,,1658,0,1,141,0,0,1502
1492747346738,1503,HTTP Request,Non HTTP response code: org.apache.http.conn.ConnectTimeoutException,Non HTTP response message: Connect to 10.138.0.2:80 timed out,Thread Group 63-1,text,false,,1658,0,1,141,0,0,1503
1492747346764,1502,HTTP Request,Non HTTP response code: org.apache.http.conn.ConnectTimeoutException,Non HTTP response message: Connect to 10.138.0.2:80 timed out,Thread Group 118-1,text,false,,1658,0,1,141,0,0,1502
1492747345841,2500,HTTP Request,Non HTTP response code: java.net.SocketTimeoutException,Non HTTP response message: Read timed out,Thread Group 70-1,text,false,,2690,0,1,141,0,0,998
1492747345842,2499,HTTP Request,Non HTTP response code: java.net.SocketTimeoutException,Non HTTP response message: Read timed out,Thread Group 21-1,text,false,,2690,0,1,141,0,0,997
1492747345842,2500,HTTP Request,Non HTTP response code: java.net.SocketTimeoutException,Non HTTP response message: Read timed out,Thread Group 60-1,text,false,,2690,0,1,141,0,0,997
1492747345842,2500,HTTP Request,Non HTTP response code: java.net.SocketTimeoutException,Non HTTP response message: Read timed out,Thread Group 76-1,text,false,,2690,0,1,141,0,0,997
1492747346913,1502,HTTP Request,Non HTTP response code: org.apache.http.conn.ConnectTimeoutException,Non HTTP response message: Connect to 10.138.0.2:80 timed out,Thread Group 93-1,text,false,,1658,0,1,141,0,0,1502
1492747346913,1502,HTTP Request,Non HTTP response code: org.apache.http.conn.ConnectTimeoutException,Non HTTP response message: Connect to 10.138.0.2:80 timed out,Thread Group 29-1,text,false,,1658,0,1,141,0,0,1502
1492747346913,1503,HTTP Request,Non HTTP response code: org.apache.http.conn.ConnectTimeoutException,Non HTTP response message: Connect to 10.138.0.2:80 timed out,Thread Group 135-1,text,false,,1658,0,1,141,0,0,1503
1492747346914,1502,HTTP Request,Non HTTP response code: org.apache.http.conn.ConnectTimeoutException,Non HTTP response message: Connect to 10.138.0.2:80 timed out,Thread Group 126-1,text,false,,1658,0,1,141,0,0,1502
1492747346914,1502,HTTP Request,Non HTTP response code: org.apache.http.conn.ConnectTimeoutException,Non HTTP response message: Connect to 10.138.0.2:80 timed out,Thread Group 121-1,text,false,,1658,0,1,141,0,0,1502
1492747346914,1502,HTTP Request,Non HTTP response code: org.apache.http.conn.ConnectTimeoutException,Non HTTP response message: Connect to 10.138.0.2:80 timed out,Thread Group 136-1,text,false,,1658,0,1,141,0,0,1502
1492747346947,1502,HTTP Request,Non HTTP response code: org.apache.http.conn.ConnectTimeoutException,Non HTTP response message: Connect to 10.138.0.2:80 timed out,Thread Group 28-1,text,false,,1658,0,1,141,0,0,1502
1492747346948,1502,HTTP Request,Non HTTP response code: org.apache.http.conn.ConnectTimeoutException,Non HTTP response message: Connect to 10.138.0.2:80 timed out,Thread Group 19-1,text,false,,1658,0,1,141,0,0,1502
1492747346948,1502,HTTP Request,Non HTTP response code: org.apache.http.conn.ConnectTimeoutException,Non HTTP response message: Connect to 10.138.0.2:80 timed out,Thread Group 22-1,text,false,,1658,0,1,141,0,0,1502
1492747346948,1502,HTTP Request,Non HTTP response code: org.apache.http.conn.ConnectTimeoutException,Non HTTP response message: Connect to 10.138.0.2:80 timed out,Thread Group 109-1,text,false,,1658,0,1,141,0,0,1502
1492747346954,1501,HTTP Request,Non HTTP response code: org.apache.http.conn.ConnectTimeoutException,Non HTTP response message: Connect to 10.138.0.2:80 timed out,Thread Group 140-1,text,false,,1658,0,1,141,0,0,1501
1492747346955,1501,HTTP Request,Non HTTP response code: org.apache.http.conn.ConnectTimeoutException,Non HTTP response message: Connect to 10.138.0.2:80 timed out,Thread Group 8-1,text,false,,1658,0,1,141,0,0,1501
1492747346955,1502,HTTP Request,Non HTTP response code: org.apache.http.conn.ConnectTimeoutException,Non HTTP response message: Connect to 10.138.0.2:80 timed out,Thread Group 132-1,text,false,,1658,0,1,141,0,0,1502
1492747346955,1502,HTTP Request,Non HTTP response code: org.apache.http.conn.ConnectTimeoutException,Non HTTP response message: Connect to 10.138.0.2:80 timed out,Thread Group 129-1,text,false,,1658,0,1,141,0,0,1502
1492747346955,1502,HTTP Request,Non HTTP response code: org.apache.http.conn.ConnectTimeoutException,Non HTTP response message: Connect to 10.138.0.2:80 timed out,Thread Group 25-1,text,false,,1658,0,1,141,0,0,1502
1492747346956,1502,HTTP Request,Non HTTP response code: org.apache.http.conn.ConnectTimeoutException,Non HTTP response message: Connect to 10.138.0.2:80 timed out,Thread Group 78-1,text,false,,1658,0,1,141,0,0,1502
1492747346956,1502,HTTP Request,Non HTTP response code: org.apache.http.conn.ConnectTimeoutException,Non HTTP response message: Connect to 10.138.0.2:80 timed out,Thread Group 13-1,text,false,,1658,0,1,141,0,0,1502
1492747346956,1502,HTTP Request,Non HTTP response code: org.apache.http.conn.ConnectTimeoutException,Non HTTP response message: Connect to 10.138.0.2:80 timed out,Thread Group 106-1,text,false,,1658,0,1,141,0,0,1502
1492747346956,1503,HTTP Request,Non HTTP response code: org.apache.http.conn.ConnectTimeoutException,Non HTTP response message: Connect to 10.138.0.2:80 timed out,Thread Group 32-1,text,false,,1658,0,1,141,0,0,1503
1492747346957,1502,HTTP Request,Non HTTP response code: org.apache.http.conn.ConnectTimeoutException,Non HTTP response message: Connect to 10.138.0.2:80 timed out,Thread Group 102-1,text,false,,1658,0,1,141,0,0,1502
1492747346957,1502,HTTP Request,Non HTTP response code: org.apache.http.conn.ConnectTimeoutException,Non HTTP response message: Connect to 10.138.0.2:80 timed out,Thread Group 43-1,text,false,,1658,0,1,141,0,0,1502
1492747346957,1502,HTTP Request,Non HTTP response code: org.apache.http.conn.ConnectTimeoutException,Non HTTP response message: Connect to 10.138.0.2:80 timed out,Thread Group 26-1,text,false,,1658,0,1,141,0,0,1502
1492747346958,1502,HTTP Request,Non HTTP response code: org.apache.http.conn.ConnectTimeoutException,Non HTTP response message: Connect to 10.138.0.2:80 timed out,Thread Group 40-1,text,false,,1658,0,1,141,0,0,1502
1492747346958,1502,HTTP Request,Non HTTP response code: org.apache.http.conn.ConnectTimeoutException,Non HTTP response message: Connect to 10.138.0.2:80 timed out,Thread Group 4-1,text,false,,1658,0,1,141,0,0,1502
1492747346956,1502,HTTP Request,Non HTTP response code: org.apache.http.conn.ConnectTimeoutException,Non HTTP response message: Connect to 10.138.0.2:80 timed out,Thread Group 71-1,text,false,,1658,0,1,141,0,0,1502
1492747346959,1501,HTTP Request,Non HTTP response code: org.apache.http.conn.ConnectTimeoutException,Non HTTP response message: Connect to 10.138.0.2:80 timed out,Thread Group 79-1,text,false,,1658,0,1,141,0,0,1501
1492747346959,1502,HTTP Request,Non HTTP response code: org.apache.http.conn.ConnectTimeoutException,Non HTTP response message: Connect to 10.138.0.2:80 timed out,Thread Group 31-1,text,false,,1658,0,1,141,0,0,1502
1492747346959,1502,HTTP Request,Non HTTP response code: org.apache.http.conn.ConnectTimeoutException,Non HTTP response message: Connect to 10.138.0.2:80 timed out,Thread Group 86-1,text,false,,1658,0,1,141,0,0,1502
1492747346959,1502,HTTP Request,Non HTTP response code: org.apache.http.conn.ConnectTimeoutException,Non HTTP response message: Connect to 10.138.0.2:80 timed out,Thread Group 122-1,text,false,,1658,0,1,141,0,0,1502
1492747346959,1502,HTTP Request,Non HTTP response code: org.apache.http.conn.ConnectTimeoutException,Non HTTP response message: Connect to 10.138.0.2:80 timed out,Thread Group 14-1,text,false,,1658,0,1,141,0,0,1502
1492747346960,1502,HTTP Request,Non HTTP response code: org.apache.http.conn.ConnectTimeoutException,Non HTTP response message: Connect to 10.138.0.2:80 timed out,Thread Group 73-1,text,false,,1658,0,1,141,0,0,1502
1492747346960,1502,HTTP Request,Non HTTP response code: org.apache.http.conn.ConnectTimeoutException,Non HTTP response message: Connect to 10.138.0.2:80 timed out,Thread Group 49-1,text,false,,1658,0,1,141,0,0,1502
1492747346963,1500,HTTP Request,Non HTTP response code: org.apache.http.conn.ConnectTimeoutException,Non HTTP response message: Connect to 10.138.0.2:80 timed out,Thread Group 101-1,text,false,,1658,0,1,141,0,0,1500
1492747347095,1502,HTTP Request,Non HTTP response code: org.apache.http.conn.ConnectTimeoutException,Non HTTP response message: Connect to 10.138.0.2:80 timed out,Thread Group 103-1,text,false,,1658,0,1,141,0,0,1502
1492747347175,1502,HTTP Request,Non HTTP response code: org.apache.http.conn.ConnectTimeoutException,Non HTTP response message: Connect to 10.138.0.2:80 timed out,Thread Group 56-1,text,false,,1658,0,1,141,0,0,1502
1492747347179,1500,HTTP Request,Non HTTP response code: org.apache.http.conn.ConnectTimeoutException,Non HTTP response message: Connect to 10.138.0.2:80 timed out,Thread Group 69-1,text,false,,1658,0,1,141,0,0,1500
1492747347183,1501,HTTP Request,Non HTTP response code: org.apache.http.conn.ConnectTimeoutException,Non HTTP response message: Connect to 10.138.0.2:80 timed out,Thread Group 2-1,text,false,,1658,0,1,141,0,0,1501
1492747347182,1503,HTTP Request,Non HTTP response code: org.apache.http.conn.ConnectTimeoutException,Non HTTP response message: Connect to 10.138.0.2:80 timed out,Thread Group 57-1,text,false,,1658,0,1,141,0,0,1503
1492747347217,1502,HTTP Request,Non HTTP response code: org.apache.http.conn.ConnectTimeoutException,Non HTTP response message: Connect to 10.138.0.2:80 timed out,Thread Group 62-1,text,false,,1658,0,1,141,0,0,1502
1492747347218,1501,HTTP Request,Non HTTP response code: org.apache.http.conn.ConnectTimeoutException,Non HTTP response message: Connect to 10.138.0.2:80 timed out,Thread Group 65-1,text,false,,1658,0,1,141,0,0,1501
1492747347226,1501,HTTP Request,Non HTTP response code: java.net.SocketTimeoutException,Non HTTP response message: Read timed out,Thread Group 41-1,text,false,,2690,0,1,141,0,0,0
1492747347227,1501,HTTP Request,Non HTTP response code: org.apache.http.conn.ConnectTimeoutException,Non HTTP response message: Connect to 10.138.0.2:80 timed out,Thread Group 64-1,text,false,,1658,0,1,141,0,0,1501
1492747347227,1502,HTTP Request,Non HTTP response code: org.apache.http.conn.ConnectTimeoutException,Non HTTP response message: Connect to 10.138.0.2:80 timed out,Thread Group 30-1,text,false,,1658,0,1,141,0,0,1502
1492747347227,1502,HTTP Request,Non HTTP response code: org.apache.http.conn.ConnectTimeoutException,Non HTTP response message: Connect to 10.138.0.2:80 timed out,Thread Group 6-1,text,false,,1658,0,1,141,0,0,1502
1492747347227,1502,HTTP Request,Non HTTP response code: org.apache.http.conn.ConnectTimeoutException,Non HTTP response message: Connect to 10.138.0.2:80 timed out,Thread Group 72-1,text,false,,1658,0,1,141,0,0,1502
1492747347275,1501,HTTP Request,Non HTTP response code: org.apache.http.conn.ConnectTimeoutException,Non HTTP response message: Connect to 10.138.0.2:80 timed out,Thread Group 116-1,text,false,,1658,0,1,141,0,0,1501
1492747347294,1502,HTTP Request,Non HTTP response code: org.apache.http.conn.ConnectTimeoutException,Non HTTP response message: Connect to 10.138.0.2:80 timed out,Thread Group 130-1,text,false,,1658,0,1,140,0,0,1502
1492747347295,1502,HTTP Request,Non HTTP response code: org.apache.http.conn.ConnectTimeoutException,Non HTTP response message: Connect to 10.138.0.2:80 timed out,Thread Group 15-1,text,false,,1658,0,1,139,0,0,1502
1492747347295,1502,HTTP Request,Non HTTP response code: org.apache.http.conn.ConnectTimeoutException,Non HTTP response message: Connect to 10.138.0.2:80 timed out,Thread Group 18-1,text,false,,1658,0,1,138,0,0,1502
1492747347295,1503,HTTP Request,Non HTTP response code: org.apache.http.conn.ConnectTimeoutException,Non HTTP response message: Connect to 10.138.0.2:80 timed out,Thread Group 52-1,text,false,,1658,0,1,137,0,0,1503
1492747347302,1502,HTTP Request,Non HTTP response code: org.apache.http.conn.ConnectTimeoutException,Non HTTP response message: Connect to 10.138.0.2:80 timed out,Thread Group 35-1,text,false,,1658,0,1,136,0,0,1502
1492747347303,1502,HTTP Request,Non HTTP response code: org.apache.http.conn.ConnectTimeoutException,Non HTTP response message: Connect to 10.138.0.2:80 timed out,Thread Group 105-1,text,false,,1658,0,1,135,0,0,1502
1492747347303,1502,HTTP Request,Non HTTP response code: org.apache.http.conn.ConnectTimeoutException,Non HTTP response message: Connect to 10.138.0.2:80 timed out,Thread Group 75-1,text,false,,1658,0,1,134,0,0,1502
1492747347309,1502,HTTP Request,Non HTTP response code: org.apache.http.conn.ConnectTimeoutException,Non HTTP response message: Connect to 10.138.0.2:80 timed out,Thread Group 96-1,text,false,,1658,0,1,133,0,0,1502
1492747347310,1501,HTTP Request,Non HTTP response code: org.apache.http.conn.ConnectTimeoutException,Non HTTP response message: Connect to 10.138.0.2:80 timed out,Thread Group 88-1,text,false,,1658,0,1,132,0,0,1501
1492747347310,1501,HTTP Request,Non HTTP response code: org.apache.http.conn.ConnectTimeoutException,Non HTTP response message: Connect to 10.138.0.2:80 timed out,Thread Group 138-1,text,false,,1658,0,1,131,0,0,1501
1492747347310,1502,HTTP Request,Non HTTP response code: org.apache.http.conn.ConnectTimeoutException,Non HTTP response message: Connect to 10.138.0.2:80 timed out,Thread Group 55-1,text,false,,1658,0,1,130,0,0,1502
1492747347310,1502,HTTP Request,Non HTTP response code: org.apache.http.conn.ConnectTimeoutException,Non HTTP response message: Connect to 10.138.0.2:80 timed out,Thread Group 11-1,text,false,,1658,0,1,129,0,0,1502
1492747347311,1502,HTTP Request,Non HTTP response code: org.apache.http.conn.ConnectTimeoutException,Non HTTP response message: Connect to 10.138.0.2:80 timed out,Thread Group 27-1,text,false,,1658,0,1,128,0,0,1502
1492747347344,1502,HTTP Request,Non HTTP response code: org.apache.http.conn.ConnectTimeoutException,Non HTTP response message: Connect to 10.138.0.2:80 timed out,Thread Group 124-1,text,false,,1658,0,1,127,0,0,1502
1492747347345,1502,HTTP Request,Non HTTP response code: org.apache.http.conn.ConnectTimeoutException,Non HTTP response message: Connect to 10.138.0.2:80 timed out,Thread Group 67-1,text,false,,1658,0,1,126,0,0,1502
1492747347345,1502,HTTP Request,Non HTTP response code: org.apache.http.conn.ConnectTimeoutException,Non HTTP response message: Connect to 10.138.0.2:80 timed out,Thread Group 66-1,text,false,,1658,0,1,125,0,0,1502
1492747347345,1502,HTTP Request,Non HTTP response code: org.apache.http.conn.ConnectTimeoutException,Non HTTP response message: Connect to 10.138.0.2:80 timed out,Thread Group 81-1,text,false,,1658,0,1,124,0,0,1502
1492747347346,1501,HTTP Request,Non HTTP response code: org.apache.http.conn.ConnectTimeoutException,Non HTTP response message: Connect to 10.138.0.2:80 timed out,Thread Group 120-1,text,false,,1658,0,1,123,0,0,1501
1492747347346,1502,HTTP Request,Non HTTP response code: org.apache.http.conn.ConnectTimeoutException,Non HTTP response message: Connect to 10.138.0.2:80 timed out,Thread Group 134-1,text,false,,1658,0,1,122,0,0,1502
1492747347346,1502,HTTP Request,Non HTTP response code: org.apache.http.conn.ConnectTimeoutException,Non HTTP response message: Connect to 10.138.0.2:80 timed out,Thread Group 36-1,text,false,,1658,0,1,121,0,0,1502
1492747347346,1502,HTTP Request,Non HTTP response code: org.apache.http.conn.ConnectTimeoutException,Non HTTP response message: Connect to 10.138.0.2:80 timed out,Thread Group 90-1,text,false,,1658,0,1,120,0,0,1502
1492747347347,1502,HTTP Request,Non HTTP response code: org.apache.http.conn.ConnectTimeoutException,Non HTTP response message: Connect to 10.138.0.2:80 timed out,Thread Group 131-1,text,false,,1658,0,1,119,0,0,1502
1492747347347,1502,HTTP Request,Non HTTP response code: org.apache.http.conn.ConnectTimeoutException,Non HTTP response message: Connect to 10.138.0.2:80 timed out,Thread Group 53-1,text,false,,1658,0,1,118,0,0,1502
1492747347347,1502,HTTP Request,Non HTTP response code: org.apache.http.conn.ConnectTimeoutException,Non HTTP response message: Connect to 10.138.0.2:80 timed out,Thread Group 34-1,text,false,,1658,0,1,117,0,0,1502
1492747347347,1502,HTTP Request,Non HTTP response code: org.apache.http.conn.ConnectTimeoutException,Non HTTP response message: Connect to 10.138.0.2:80 timed out,Thread Group 46-1,text,false,,1658,0,1,116,0,0,1502
1492747347348,1502,HTTP Request,Non HTTP response code: org.apache.http.conn.ConnectTimeoutException,Non HTTP response message: Connect to 10.138.0.2:80 timed out,Thread Group 51-1,text,false,,1658,0,1,115,0,0,1502
1492747347348,1502,HTTP Request,Non HTTP response code: org.apache.http.conn.ConnectTimeoutException,Non HTTP response message: Connect to 10.138.0.2:80 timed out,Thread Group 139-1,text,false,,1658,0,1,114,0,0,1502
1492747347348,1502,HTTP Request,Non HTTP response code: org.apache.http.conn.ConnectTimeoutException,Non HTTP response message: Connect to 10.138.0.2:80 timed out,Thread Group 58-1,text,false,,1658,0,1,113,0,0,1502
1492747347344,1507,HTTP Request,Non HTTP response code: org.apache.http.conn.ConnectTimeoutException,Non HTTP response message: Connect to 10.138.0.2:80 timed out,Thread Group 5-1,text,false,,1658,0,1,113,0,0,1507
1492747347408,1502,HTTP Request,Non HTTP response code: org.apache.http.conn.ConnectTimeoutException,Non HTTP response message: Connect to 10.138.0.2:80 timed out,Thread Group 117-1,text,false,,1658,0,1,111,0,0,1502
1492747347447,1502,HTTP Request,Non HTTP response code: org.apache.http.conn.ConnectTimeoutException,Non HTTP response message: Connect to 10.138.0.2:80 timed out,Thread Group 16-1,text,false,,1658,0,1,111,0,0,1502
1492747347550,1502,HTTP Request,Non HTTP response code: org.apache.http.conn.ConnectTimeoutException,Non HTTP response message: Connect to 10.138.0.2:80 timed out,Thread Group 74-1,text,false,,1658,0,1,111,0,0,1502
1492747347611,1502,HTTP Request,Non HTTP response code: org.apache.http.conn.ConnectTimeoutException,Non HTTP response message: Connect to 10.138.0.2:80 timed out,Thread Group 17-1,text,false,,1658,0,1,111,0,0,1502
1492747347612,1502,HTTP Request,Non HTTP response code: org.apache.http.conn.ConnectTimeoutException,Non HTTP response message: Connect to 10.138.0.2:80 timed out,Thread Group 1-1,text,false,,1658,0,1,111,0,0,1502
1492747347612,1502,HTTP Request,Non HTTP response code: org.apache.http.conn.ConnectTimeoutException,Non HTTP response message: Connect to 10.138.0.2:80 timed out,Thread Group 54-1,text,false,,1658,0,1,111,0,0,1502
1492747347612,1502,HTTP Request,Non HTTP response code: org.apache.http.conn.ConnectTimeoutException,Non HTTP response message: Connect to 10.138.0.2:80 timed out,Thread Group 38-1,text,false,,1658,0,1,111,0,0,1502
1492747347613,1502,HTTP Request,Non HTTP response code: org.apache.http.conn.ConnectTimeoutException,Non HTTP response message: Connect to 10.138.0.2:80 timed out,Thread Group 83-1,text,false,,1658,0,1,111,0,0,1502
1492747347613,1502,HTTP Request,Non HTTP response code: org.apache.http.conn.ConnectTimeoutException,Non HTTP response message: Connect to 10.138.0.2:80 timed out,Thread Group 45-1,text,false,,1658,0,1,111,0,0,1502
1492747347613,1502,HTTP Request,Non HTTP response code: org.apache.http.conn.ConnectTimeoutException,Non HTTP response message: Connect to 10.138.0.2:80 timed out,Thread Group 82-1,text,false,,1658,0,1,111,0,0,1502
1492747347613,1502,HTTP Request,Non HTTP response code: org.apache.http.conn.ConnectTimeoutException,Non HTTP response message: Connect to 10.138.0.2:80 timed out,Thread Group 20-1,text,false,,1658,0,1,111,0,0,1502
1492747347645,1502,HTTP Request,Non HTTP response code: org.apache.http.conn.ConnectTimeoutException,Non HTTP response message: Connect to 10.138.0.2:80 timed out,Thread Group 123-1,text,false,,1658,0,1,111,0,0,1502
1492747347682,1502,HTTP Request,Non HTTP response code: org.apache.http.conn.ConnectTimeoutException,Non HTTP response message: Connect to 10.138.0.2:80 timed out,Thread Group 37-1,text,false,,1658,0,1,111,0,0,1502
1492747347682,1502,HTTP Request,Non HTTP response code: org.apache.http.conn.ConnectTimeoutException,Non HTTP response message: Connect to 10.138.0.2:80 timed out,Thread Group 10-1,text,false,,1658,0,1,111,0,0,1502
1492747347837,1502,HTTP Request,Non HTTP response code: org.apache.http.conn.ConnectTimeoutException,Non HTTP response message: Connect to 10.138.0.2:80 timed out,Thread Group 127-1,text,false,,1658,0,1,111,0,0,1502
1492747347874,1502,HTTP Request,Non HTTP response code: java.net.SocketTimeoutException,Non HTTP response message: Read timed out,Thread Group 104-1,text,false,,2690,0,1,111,0,0,0
1492747346914,2499,HTTP Request,Non HTTP response code: java.net.SocketTimeoutException,Non HTTP response message: Read timed out,Thread Group 113-1,text,false,,2690,0,1,110,0,0,997
1492747348121,1502,HTTP Request,Non HTTP response code: org.apache.http.conn.ConnectTimeoutException,Non HTTP response message: Connect to 10.138.0.2:80 timed out,Thread Group 39-1,text,false,,1658,0,1,110,0,0,1502
1492747348122,1502,HTTP Request,Non HTTP response code: org.apache.http.conn.ConnectTimeoutException,Non HTTP response message: Connect to 10.138.0.2:80 timed out,Thread Group 114-1,text,false,,1658,0,1,109,0,0,1502
1492747348122,1502,HTTP Request,Non HTTP response code: org.apache.http.conn.ConnectTimeoutException,Non HTTP response message: Connect to 10.138.0.2:80 timed out,Thread Group 68-1,text,false,,1658,0,1,108,0,0,1502
1492747348122,1503,HTTP Request,Non HTTP response code: org.apache.http.conn.ConnectTimeoutException,Non HTTP response message: Connect to 10.138.0.2:80 timed out,Thread Group 108-1,text,false,,1658,0,1,107,0,0,1503
1492747348123,1502,HTTP Request,Non HTTP response code: org.apache.http.conn.ConnectTimeoutException,Non HTTP response message: Connect to 10.138.0.2:80 timed out,Thread Group 3-1,text,false,,1658,0,1,106,0,0,1502
1492747348123,1502,HTTP Request,Non HTTP response code: org.apache.http.conn.ConnectTimeoutException,Non HTTP response message: Connect to 10.138.0.2:80 timed out,Thread Group 85-1,text,false,,1658,0,1,105,0,0,1502
1492747348123,1502,HTTP Request,Non HTTP response code: org.apache.http.conn.ConnectTimeoutException,Non HTTP response message: Connect to 10.138.0.2:80 timed out,Thread Group 9-1,text,false,,1658,0,1,104,0,0,1502
1492747348123,1503,HTTP Request,Non HTTP response code: org.apache.http.conn.ConnectTimeoutException,Non HTTP response message: Connect to 10.138.0.2:80 timed out,Thread Group 59-1,text,false,,1658,0,1,103,0,0,1503
1492747348124,1502,HTTP Request,Non HTTP response code: org.apache.http.conn.ConnectTimeoutException,Non HTTP response message: Connect to 10.138.0.2:80 timed out,Thread Group 119-1,text,false,,1658,0,1,102,0,0,1502
1492747348124,1502,HTTP Request,Non HTTP response code: org.apache.http.conn.ConnectTimeoutException,Non HTTP response message: Connect to 10.138.0.2:80 timed out,Thread Group 23-1,text,false,,1658,0,1,101,0,0,1502
1492747348124,1502,HTTP Request,Non HTTP response code: org.apache.http.conn.ConnectTimeoutException,Non HTTP response message: Connect to 10.138.0.2:80 timed out,Thread Group 24-1,text,false,,1658,0,1,100,0,0,1502
1492747348128,1502,HTTP Request,Non HTTP response code: org.apache.http.conn.ConnectTimeoutException,Non HTTP response message: Connect to 10.138.0.2:80 timed out,Thread Group 33-1,text,false,,1658,0,1,99,0,0,1502
1492747348130,1501,HTTP Request,Non HTTP response code: org.apache.http.conn.ConnectTimeoutException,Non HTTP response message: Connect to 10.138.0.2:80 timed out,Thread Group 141-1,text,false,,1658,0,1,98,0,0,1501
1492747348131,1501,HTTP Request,Non HTTP response code: org.apache.http.conn.ConnectTimeoutException,Non HTTP response message: Connect to 10.138.0.2:80 timed out,Thread Group 77-1,text,false,,1658,0,1,97,0,0,1501
1492747348130,1502,HTTP Request,Non HTTP response code: org.apache.http.conn.ConnectTimeoutException,Non HTTP response message: Connect to 10.138.0.2:80 timed out,Thread Group 111-1,text,false,,1658,0,1,96,0,0,1502
1492747348149,1502,HTTP Request,Non HTTP response code: org.apache.http.conn.ConnectTimeoutException,Non HTTP response message: Connect to 10.138.0.2:80 timed out,Thread Group 133-1,text,false,,1658,0,1,95,0,0,1502
1492747348153,1501,HTTP Request,Non HTTP response code: org.apache.http.conn.ConnectTimeoutException,Non HTTP response message: Connect to 10.138.0.2:80 timed out,Thread Group 95-1,text,false,,1658,0,1,94,0,0,1501
1492747348154,1501,HTTP Request,Non HTTP response code: org.apache.http.conn.ConnectTimeoutException,Non HTTP response message: Connect to 10.138.0.2:80 timed out,Thread Group 107-1,text,false,,1658,0,1,93,0,0,1501
1492747348155,1501,HTTP Request,Non HTTP response code: org.apache.http.conn.ConnectTimeoutException,Non HTTP response message: Connect to 10.138.0.2:80 timed out,Thread Group 61-1,text,false,,1658,0,1,92,0,0,1501
1492747348156,1501,HTTP Request,Non HTTP response code: org.apache.http.conn.ConnectTimeoutException,Non HTTP response message: Connect to 10.138.0.2:80 timed out,Thread Group 42-1,text,false,,1658,0,1,91,0,0,1501
1492747348157,1501,HTTP Request,Non HTTP response code: org.apache.http.conn.ConnectTimeoutException,Non HTTP response message: Connect to 10.138.0.2:80 timed out,Thread Group 87-1,text,false,,1658,0,1,90,0,0,1501
1492747348158,1500,HTTP Request,Non HTTP response code: org.apache.http.conn.ConnectTimeoutException,Non HTTP response message: Connect to 10.138.0.2:80 timed out,Thread Group 128-1,text,false,,1658,0,1,89,0,0,1500
1492747348157,1502,HTTP Request,Non HTTP response code: org.apache.http.conn.ConnectTimeoutException,Non HTTP response message: Connect to 10.138.0.2:80 timed out,Thread Group 98-1,text,false,,1658,0,1,88,0,0,1502
1492747348157,1502,HTTP Request,Non HTTP response code: org.apache.http.conn.ConnectTimeoutException,Non HTTP response message: Connect to 10.138.0.2:80 timed out,Thread Group 112-1,text,false,,1658,0,1,87,0,0,1502
1492747348158,1501,HTTP Request,Non HTTP response code: org.apache.http.conn.ConnectTimeoutException,Non HTTP response message: Connect to 10.138.0.2:80 timed out,Thread Group 84-1,text,false,,1658,0,1,86,0,0,1501
1492747348158,1501,HTTP Request,Non HTTP response code: org.apache.http.conn.ConnectTimeoutException,Non HTTP response message: Connect to 10.138.0.2:80 timed out,Thread Group 50-1,text,false,,1658,0,1,85,0,0,1501
1492747348158,1502,HTTP Request,Non HTTP response code: org.apache.http.conn.ConnectTimeoutException,Non HTTP response message: Connect to 10.138.0.2:80 timed out,Thread Group 92-1,text,false,,1658,0,1,84,0,0,1502
1492747348158,1502,HTTP Request,Non HTTP response code: org.apache.http.conn.ConnectTimeoutException,Non HTTP response message: Connect to 10.138.0.2:80 timed out,Thread Group 125-1,text,false,,1658,0,1,83,0,0,1502
1492747348157,1501,HTTP Request,Non HTTP response code: org.apache.http.conn.ConnectTimeoutException,Non HTTP response message: Connect to 10.138.0.2:80 timed out,Thread Group 115-1,text,false,,1658,0,1,88,0,0,1501
1492747348159,1501,HTTP Request,Non HTTP response code: org.apache.http.conn.ConnectTimeoutException,Non HTTP response message: Connect to 10.138.0.2:80 timed out,Thread Group 100-1,text,false,,1658,0,1,81,0,0,1501
1492747348159,1502,HTTP Request,Non HTTP response code: org.apache.http.conn.ConnectTimeoutException,Non HTTP response message: Connect to 10.138.0.2:80 timed out,Thread Group 89-1,text,false,,1658,0,1,80,0,0,1502
1492747348159,1502,HTTP Request,Non HTTP response code: org.apache.http.conn.ConnectTimeoutException,Non HTTP response message: Connect to 10.138.0.2:80 timed out,Thread Group 91-1,text,false,,1658,0,1,79,0,0,1502
1492747348161,1501,HTTP Request,Non HTTP response code: org.apache.http.conn.ConnectTimeoutException,Non HTTP response message: Connect to 10.138.0.2:80 timed out,Thread Group 97-1,text,false,,1658,0,1,78,0,0,1501
1492747348161,1502,HTTP Request,Non HTTP response code: org.apache.http.conn.ConnectTimeoutException,Non HTTP response message: Connect to 10.138.0.2:80 timed out,Thread Group 137-1,text,false,,1658,0,1,77,0,0,1502
1492747348161,1502,HTTP Request,Non HTTP response code: org.apache.http.conn.ConnectTimeoutException,Non HTTP response message: Connect to 10.138.0.2:80 timed out,Thread Group 12-1,text,false,,1658,0,1,76,0,0,1502
1492747348239,1502,HTTP Request,Non HTTP response code: org.apache.http.conn.ConnectTimeoutException,Non HTTP response message: Connect to 10.138.0.2:80 timed out,Thread Group 44-1,text,false,,1658,0,1,75,0,0,1502
1492747348239,1503,HTTP Request,Non HTTP response code: org.apache.http.conn.ConnectTimeoutException,Non HTTP response message: Connect to 10.138.0.2:80 timed out,Thread Group 48-1,text,false,,1658,0,1,74,0,0,1503
1492747348240,1502,HTTP Request,Non HTTP response code: org.apache.http.conn.ConnectTimeoutException,Non HTTP response message: Connect to 10.138.0.2:80 timed out,Thread Group 99-1,text,false,,1658,0,1,73,0,0,1502
1492747348240,1502,HTTP Request,Non HTTP response code: org.apache.http.conn.ConnectTimeoutException,Non HTTP response message: Connect to 10.138.0.2:80 timed out,Thread Group 110-1,text,false,,1658,0,1,72,0,0,1502
1492747348241,1502,HTTP Request,Non HTTP response code: org.apache.http.conn.ConnectTimeoutException,Non HTTP response message: Connect to 10.138.0.2:80 timed out,Thread Group 47-1,text,false,,1658,0,1,71,0,0,1502
1492747348241,1506,HTTP Request,Non HTTP response code: org.apache.http.conn.ConnectTimeoutException,Non HTTP response message: Connect to 10.138.0.2:80 timed out,Thread Group 7-1,text,false,,1658,0,1,70,0,0,1506
1492747348241,1506,HTTP Request,Non HTTP response code: org.apache.http.conn.ConnectTimeoutException,Non HTTP response message: Connect to 10.138.0.2:80 timed out,Thread Group 94-1,text,false,,1658,0,1,69,0,0,1506
1492747348241,1506,HTTP Request,Non HTTP response code: org.apache.http.conn.ConnectTimeoutException,Non HTTP response message: Connect to 10.138.0.2:80 timed out,Thread Group 80-1,text,false,,1658,0,1,68,0,0,1506
1492747348241,1506,HTTP Request,Non HTTP response code: org.apache.http.conn.ConnectTimeoutException,Non HTTP response message: Connect to 10.138.0.2:80 timed out,Thread Group 63-1,text,false,,1658,0,1,67,0,0,1506
1492747348266,1502,HTTP Request,Non HTTP response code: org.apache.http.conn.ConnectTimeoutException,Non HTTP response message: Connect to 10.138.0.2:80 timed out,Thread Group 118-1,text,false,,1658,0,1,66,0,0,1502
1492747348341,1502,HTTP Request,Non HTTP response code: org.apache.http.conn.ConnectTimeoutException,Non HTTP response message: Connect to 10.138.0.2:80 timed out,Thread Group 70-1,text,false,,1658,0,1,65,0,0,1502
1492747348341,1502,HTTP Request,Non HTTP response code: org.apache.http.conn.ConnectTimeoutException,Non HTTP response message: Connect to 10.138.0.2:80 timed out,Thread Group 21-1,text,false,,1658,0,1,64,0,0,1502
1492747348342,1502,HTTP Request,Non HTTP response code: org.apache.http.conn.ConnectTimeoutException,Non HTTP response message: Connect to 10.138.0.2:80 timed out,Thread Group 60-1,text,false,,1658,0,1,63,0,0,1502
1492747348342,1502,HTTP Request,Non HTTP response code: org.apache.http.conn.ConnectTimeoutException,Non HTTP response message: Connect to 10.138.0.2:80 timed out,Thread Group 76-1,text,false,,1658,0,1,62,0,0,1502
1492747348415,1502,HTTP Request,Non HTTP response code: org.apache.http.conn.ConnectTimeoutException,Non HTTP response message: Connect to 10.138.0.2:80 timed out,Thread Group 93-1,text,false,,1658,0,1,61,0,0,1502
1492747348415,1503,HTTP Request,Non HTTP response code: org.apache.http.conn.ConnectTimeoutException,Non HTTP response message: Connect to 10.138.0.2:80 timed out,Thread Group 29-1,text,false,,1658,0,1,60,0,0,1503
1492747348416,1502,HTTP Request,Non HTTP response code: org.apache.http.conn.ConnectTimeoutException,Non HTTP response message: Connect to 10.138.0.2:80 timed out,Thread Group 135-1,text,false,,1658,0,1,59,0,0,1502
1492747348416,1502,HTTP Request,Non HTTP response code: org.apache.http.conn.ConnectTimeoutException,Non HTTP response message: Connect to 10.138.0.2:80 timed out,Thread Group 126-1,text,false,,1658,0,1,58,0,0,1502
1492747348416,1502,HTTP Request,Non HTTP response code: org.apache.http.conn.ConnectTimeoutException,Non HTTP response message: Connect to 10.138.0.2:80 timed out,Thread Group 121-1,text,false,,1658,0,1,57,0,0,1502
1492747348417,1502,HTTP Request,Non HTTP response code: org.apache.http.conn.ConnectTimeoutException,Non HTTP response message: Connect to 10.138.0.2:80 timed out,Thread Group 136-1,text,false,,1658,0,1,57,0,0,1502
1492747348450,1502,HTTP Request,Non HTTP response code: org.apache.http.conn.ConnectTimeoutException,Non HTTP response message: Connect to 10.138.0.2:80 timed out,Thread Group 28-1,text,false,,1658,0,1,55,0,0,1501
1492747348450,1502,HTTP Request,Non HTTP response code: org.apache.http.conn.ConnectTimeoutException,Non HTTP response message: Connect to 10.138.0.2:80 timed out,Thread Group 19-1,text,false,,1658,0,1,54,0,0,1502
1492747348450,1502,HTTP Request,Non HTTP response code: org.apache.http.conn.ConnectTimeoutException,Non HTTP response message: Connect to 10.138.0.2:80 timed out,Thread Group 22-1,text,false,,1658,0,1,53,0,0,1502
1492747348451,1502,HTTP Request,Non HTTP response code: org.apache.http.conn.ConnectTimeoutException,Non HTTP response message: Connect to 10.138.0.2:80 timed out,Thread Group 109-1,text,false,,1658,0,1,52,0,0,1502
1492747348455,1501,HTTP Request,Non HTTP response code: org.apache.http.conn.ConnectTimeoutException,Non HTTP response message: Connect to 10.138.0.2:80 timed out,Thread Group 140-1,text,false,,1658,0,1,51,0,0,1501
1492747348457,1501,HTTP Request,Non HTTP response code: org.apache.http.conn.ConnectTimeoutException,Non HTTP response message: Connect to 10.138.0.2:80 timed out,Thread Group 8-1,text,false,,1658,0,1,50,0,0,1501
1492747348457,1502,HTTP Request,Non HTTP response code: org.apache.http.conn.ConnectTimeoutException,Non HTTP response message: Connect to 10.138.0.2:80 timed out,Thread Group 129-1,text,false,,1658,0,1,49,0,0,1502
1492747348457,1502,HTTP Request,Non HTTP response code: org.apache.http.conn.ConnectTimeoutException,Non HTTP response message: Connect to 10.138.0.2:80 timed out,Thread Group 25-1,text,false,,1658,0,1,48,0,0,1502
1492747348458,1501,HTTP Request,Non HTTP response code: org.apache.http.conn.ConnectTimeoutException,Non HTTP response message: Connect to 10.138.0.2:80 timed out,Thread Group 78-1,text,false,,1658,0,1,47,0,0,1501
1492747348458,1501,HTTP Request,Non HTTP response code: org.apache.http.conn.ConnectTimeoutException,Non HTTP response message: Connect to 10.138.0.2:80 timed out,Thread Group 13-1,text,false,,1658,0,1,46,0,0,1501
1492747348462,1503,HTTP Request,Non HTTP response code: org.apache.http.conn.ConnectTimeoutException,Non HTTP response message: Connect to 10.138.0.2:80 timed out,Thread Group 49-1,text,false,,1658,0,1,45,0,0,1503
1492747348462,1503,HTTP Request,Non HTTP response code: org.apache.http.conn.ConnectTimeoutException,Non HTTP response message: Connect to 10.138.0.2:80 timed out,Thread Group 73-1,text,false,,1658,0,1,44,0,0,1503
1492747348463,1502,HTTP Request,Non HTTP response code: org.apache.http.conn.ConnectTimeoutException,Non HTTP response message: Connect to 10.138.0.2:80 timed out,Thread Group 101-1,text,false,,1658,0,1,43,0,0,1502
1492747348462,1504,HTTP Request,Non HTTP response code: org.apache.http.conn.ConnectTimeoutException,Non HTTP response message: Connect to 10.138.0.2:80 timed out,Thread Group 14-1,text,false,,1658,0,1,43,0,0,1504
1492747348461,1505,HTTP Request,Non HTTP response code: org.apache.http.conn.ConnectTimeoutException,Non HTTP response message: Connect to 10.138.0.2:80 timed out,Thread Group 122-1,text,false,,1658,0,1,42,0,0,1505
1492747348461,1505,HTTP Request,Non HTTP response code: org.apache.http.conn.ConnectTimeoutException,Non HTTP response message: Connect to 10.138.0.2:80 timed out,Thread Group 86-1,text,false,,1658,0,1,41,0,0,1505
1492747348461,1506,HTTP Request,Non HTTP response code: org.apache.http.conn.ConnectTimeoutException,Non HTTP response message: Connect to 10.138.0.2:80 timed out,Thread Group 79-1,text,false,,1658,0,1,40,0,0,1506
1492747348460,1507,HTTP Request,Non HTTP response code: org.apache.http.conn.ConnectTimeoutException,Non HTTP response message: Connect to 10.138.0.2:80 timed out,Thread Group 4-1,text,false,,1658,0,1,39,0,0,1507
1492747348460,1507,HTTP Request,Non HTTP response code: org.apache.http.conn.ConnectTimeoutException,Non HTTP response message: Connect to 10.138.0.2:80 timed out,Thread Group 40-1,text,false,,1658,0,1,38,0,0,1507
1492747348460,1507,HTTP Request,Non HTTP response code: org.apache.http.conn.ConnectTimeoutException,Non HTTP response message: Connect to 10.138.0.2:80 timed out,Thread Group 26-1,text,false,,1658,0,1,37,0,0,1507
1492747348459,1508,HTTP Request,Non HTTP response code: org.apache.http.conn.ConnectTimeoutException,Non HTTP response message: Connect to 10.138.0.2:80 timed out,Thread Group 43-1,text,false,,1658,0,1,36,0,0,1508
1492747348459,1509,HTTP Request,Non HTTP response code: org.apache.http.conn.ConnectTimeoutException,Non HTTP response message: Connect to 10.138.0.2:80 timed out,Thread Group 102-1,text,false,,1658,0,1,35,0,0,1509
1492747348459,1509,HTTP Request,Non HTTP response code: org.apache.http.conn.ConnectTimeoutException,Non HTTP response message: Connect to 10.138.0.2:80 timed out,Thread Group 32-1,text,false,,1658,0,1,34,0,0,1509
1492747348460,1508,HTTP Request,Non HTTP response code: org.apache.http.conn.ConnectTimeoutException,Non HTTP response message: Connect to 10.138.0.2:80 timed out,Thread Group 71-1,text,false,,1658,0,1,33,0,0,1508
1492747348457,1501,HTTP Request,Non HTTP response code: org.apache.http.conn.ConnectTimeoutException,Non HTTP response message: Connect to 10.138.0.2:80 timed out,Thread Group 132-1,text,false,,1658,0,1,32,0,0,1501
1492747348461,1508,HTTP Request,Non HTTP response code: org.apache.http.conn.ConnectTimeoutException,Non HTTP response message: Connect to 10.138.0.2:80 timed out,Thread Group 31-1,text,false,,1658,0,1,31,0,0,1508
1492747348458,1502,HTTP Request,Non HTTP response code: org.apache.http.conn.ConnectTimeoutException,Non HTTP response message: Connect to 10.138.0.2:80 timed out,Thread Group 106-1,text,false,,1658,0,1,30,0,0,1502
1492747348597,1502,HTTP Request,Non HTTP response code: org.apache.http.conn.ConnectTimeoutException,Non HTTP response message: Connect to 10.138.0.2:80 timed out,Thread Group 103-1,text,false,,1658,0,1,29,0,0,1502
1492747348677,1502,HTTP Request,Non HTTP response code: org.apache.http.conn.ConnectTimeoutException,Non HTTP response message: Connect to 10.138.0.2:80 timed out,Thread Group 56-1,text,false,,1658,0,1,28,0,0,1502
1492747348680,1501,HTTP Request,Non HTTP response code: org.apache.http.conn.ConnectTimeoutException,Non HTTP response message: Connect to 10.138.0.2:80 timed out,Thread Group 69-1,text,false,,1658,0,1,28,0,0,1501
1492747348684,1502,HTTP Request,Non HTTP response code: org.apache.http.conn.ConnectTimeoutException,Non HTTP response message: Connect to 10.138.0.2:80 timed out,Thread Group 2-1,text,false,,1658,0,1,28,0,0,1502
1492747348685,1502,HTTP Request,Non HTTP response code: org.apache.http.conn.ConnectTimeoutException,Non HTTP response message: Connect to 10.138.0.2:80 timed out,Thread Group 57-1,text,false,,1658,0,1,28,0,0,1502
1492747348719,1502,HTTP Request,Non HTTP response code: org.apache.http.conn.ConnectTimeoutException,Non HTTP response message: Connect to 10.138.0.2:80 timed out,Thread Group 62-1,text,false,,1658,0,1,28,0,0,1502
1492747348719,1502,HTTP Request,Non HTTP response code: org.apache.http.conn.ConnectTimeoutException,Non HTTP response message: Connect to 10.138.0.2:80 timed out,Thread Group 65-1,text,false,,1658,0,1,28,0,0,1502
1492747348727,1502,HTTP Request,Non HTTP response code: org.apache.http.conn.ConnectTimeoutException,Non HTTP response message: Connect to 10.138.0.2:80 timed out,Thread Group 41-1,text,false,,1658,0,1,28,0,0,1502
1492747348729,1501,HTTP Request,Non HTTP response code: org.apache.http.conn.ConnectTimeoutException,Non HTTP response message: Connect to 10.138.0.2:80 timed out,Thread Group 64-1,text,false,,1658,0,1,28,0,0,1501
1492747348729,1502,HTTP Request,Non HTTP response code: org.apache.http.conn.ConnectTimeoutException,Non HTTP response message: Connect to 10.138.0.2:80 timed out,Thread Group 6-1,text,false,,1658,0,1,28,0,0,1502
1492747348729,1502,HTTP Request,Non HTTP response code: org.apache.http.conn.ConnectTimeoutException,Non HTTP response message: Connect to 10.138.0.2:80 timed out,Thread Group 72-1,text,false,,1658,0,1,28,0,0,1502
1492747348729,1501,HTTP Request,Non HTTP response code: org.apache.http.conn.ConnectTimeoutException,Non HTTP response message: Connect to 10.138.0.2:80 timed out,Thread Group 30-1,text,false,,1658,0,1,28,0,0,1501
1492747348911,1502,HTTP Request,Non HTTP response code: java.net.SocketTimeoutException,Non HTTP response message: Read timed out,Thread Group 117-1,text,false,,2690,0,1,28,0,0,0
1492747348949,1502,HTTP Request,Non HTTP response code: java.net.SocketTimeoutException,Non HTTP response message: Read timed out,Thread Group 16-1,text,false,,2690,0,1,28,0,0,1
1492747349114,1502,HTTP Request,Non HTTP response code: org.apache.http.conn.ConnectTimeoutException,Non HTTP response message: Connect to 10.138.0.2:80 timed out,Thread Group 17-1,text,false,,1658,0,1,28,0,0,1502
1492747349114,1502,HTTP Request,Non HTTP response code: org.apache.http.conn.ConnectTimeoutException,Non HTTP response message: Connect to 10.138.0.2:80 timed out,Thread Group 1-1,text,false,,1658,0,1,27,0,0,1502
1492747349114,1502,HTTP Request,Non HTTP response code: org.apache.http.conn.ConnectTimeoutException,Non HTTP response message: Connect to 10.138.0.2:80 timed out,Thread Group 54-1,text,false,,1658,0,1,26,0,0,1502
1492747349114,1503,HTTP Request,Non HTTP response code: org.apache.http.conn.ConnectTimeoutException,Non HTTP response message: Connect to 10.138.0.2:80 timed out,Thread Group 38-1,text,false,,1658,0,1,25,0,0,1503
1492747349115,1502,HTTP Request,Non HTTP response code: org.apache.http.conn.ConnectTimeoutException,Non HTTP response message: Connect to 10.138.0.2:80 timed out,Thread Group 83-1,text,false,,1658,0,1,24,0,0,1502
1492747349115,1502,HTTP Request,Non HTTP response code: org.apache.http.conn.ConnectTimeoutException,Non HTTP response message: Connect to 10.138.0.2:80 timed out,Thread Group 45-1,text,false,,1658,0,1,23,0,0,1502
1492747349115,1502,HTTP Request,Non HTTP response code: org.apache.http.conn.ConnectTimeoutException,Non HTTP response message: Connect to 10.138.0.2:80 timed out,Thread Group 82-1,text,false,,1658,0,1,22,0,0,1502
1492747349115,1504,HTTP Request,Non HTTP response code: org.apache.http.conn.ConnectTimeoutException,Non HTTP response message: Connect to 10.138.0.2:80 timed out,Thread Group 20-1,text,false,,1658,0,1,21,0,0,1504
1492747349147,1502,HTTP Request,Non HTTP response code: org.apache.http.conn.ConnectTimeoutException,Non HTTP response message: Connect to 10.138.0.2:80 timed out,Thread Group 123-1,text,false,,1658,0,1,20,0,0,1502
1492747349184,1501,HTTP Request,Non HTTP response code: org.apache.http.conn.ConnectTimeoutException,Non HTTP response message: Connect to 10.138.0.2:80 timed out,Thread Group 37-1,text,false,,1658,0,1,19,0,0,1501
1492747349185,1501,HTTP Request,Non HTTP response code: org.apache.http.conn.ConnectTimeoutException,Non HTTP response message: Connect to 10.138.0.2:80 timed out,Thread Group 10-1,text,false,,1658,0,1,18,0,0,1501
1492747349339,1502,HTTP Request,Non HTTP response code: org.apache.http.conn.ConnectTimeoutException,Non HTTP response message: Connect to 10.138.0.2:80 timed out,Thread Group 127-1,text,false,,1658,0,1,17,0,0,1502
1492747349413,1502,HTTP Request,Non HTTP response code: org.apache.http.conn.ConnectTimeoutException,Non HTTP response message: Connect to 10.138.0.2:80 timed out,Thread Group 113-1,text,false,,1658,0,1,16,0,0,1502
1492747349966,1505,HTTP Request,Non HTTP response code: java.net.SocketTimeoutException,Non HTTP response message: Read timed out,Thread Group 101-1,text,false,,2690,0,1,15,0,0,3
1492747349052,2501,HTTP Request,Non HTTP response code: java.net.SocketTimeoutException,Non HTTP response message: Read timed out,Thread Group 74-1,text,false,,2690,0,1,14,0,0,999
1492747350187,1501,HTTP Request,Non HTTP response code: org.apache.http.conn.ConnectTimeoutException,Non HTTP response message: Connect to 10.138.0.2:80 timed out,Thread Group 57-1,text,false,,1658,0,1,14,0,0,1501
1492747350186,1503,HTTP Request,Non HTTP response code: org.apache.http.conn.ConnectTimeoutException,Non HTTP response message: Connect to 10.138.0.2:80 timed out,Thread Group 2-1,text,false,,1658,0,1,13,0,0,1503
1492747350221,1501,HTTP Request,Non HTTP response code: org.apache.http.conn.ConnectTimeoutException,Non HTTP response message: Connect to 10.138.0.2:80 timed out,Thread Group 62-1,text,false,,1658,0,1,12,0,0,1501
1492747350221,1502,HTTP Request,Non HTTP response code: org.apache.http.conn.ConnectTimeoutException,Non HTTP response message: Connect to 10.138.0.2:80 timed out,Thread Group 65-1,text,false,,1658,0,1,12,0,0,1502
1492747350230,1501,HTTP Request,Non HTTP response code: org.apache.http.conn.ConnectTimeoutException,Non HTTP response message: Connect to 10.138.0.2:80 timed out,Thread Group 64-1,text,false,,1658,0,1,10,0,0,1501
1492747350229,1501,HTTP Request,Non HTTP response code: org.apache.http.conn.ConnectTimeoutException,Non HTTP response message: Connect to 10.138.0.2:80 timed out,Thread Group 41-1,text,false,,1658,0,1,9,0,0,1501
1492747350231,1501,HTTP Request,Non HTTP response code: org.apache.http.conn.ConnectTimeoutException,Non HTTP response message: Connect to 10.138.0.2:80 timed out,Thread Group 6-1,text,false,,1658,0,1,8,0,0,1501
1492747350231,1502,HTTP Request,Non HTTP response code: org.apache.http.conn.ConnectTimeoutException,Non HTTP response message: Connect to 10.138.0.2:80 timed out,Thread Group 72-1,text,false,,1658,0,1,7,0,0,1502
1492747350231,1502,HTTP Request,Non HTTP response code: org.apache.http.conn.ConnectTimeoutException,Non HTTP response message: Connect to 10.138.0.2:80 timed out,Thread Group 30-1,text,false,,1658,0,1,6,0,0,1502
1492747350413,1502,HTTP Request,Non HTTP response code: org.apache.http.conn.ConnectTimeoutException,Non HTTP response message: Connect to 10.138.0.2:80 timed out,Thread Group 117-1,text,false,,1658,0,1,5,0,0,1502
1492747350452,1501,HTTP Request,Non HTTP response code: org.apache.http.conn.ConnectTimeoutException,Non HTTP response message: Connect to 10.138.0.2:80 timed out,Thread Group 16-1,text,false,,1658,0,1,4,0,0,1501
1492747350181,2500,HTTP Request,Non HTTP response code: java.net.SocketTimeoutException,Non HTTP response message: Read timed out,Thread Group 69-1,text,false,,2690,0,1,3,0,0,998
1492747350179,2503,HTTP Request,Non HTTP response code: java.net.SocketTimeoutException,Non HTTP response message: Read timed out,Thread Group 56-1,text,false,,2690,0,1,2,0,0,1000
1492747351553,2500,HTTP Request,Non HTTP response code: java.net.SocketTimeoutException,Non HTTP response message: Read timed out,Thread Group 74-1,text,false,,2690,0,1,1,0,0,998
1492747354053,1502,HTTP Request,Non HTTP response code: java.net.SocketTimeoutException,Non HTTP response message: Read timed out,Thread Group 74-1,text,false,,2690,0,1,1,0,0,1
